box_6_melody(Clone) stack 27 Shelf_0 Rack_0_0_2
-2.465993, 0.2174101, 8.223333, 147.7456, 252.3038
-2.862507, 0.2174101, 8.188643, 115.805, 252.8429
-2.88379, 0.2174101, 8.431906, 118.0435, 249.1639
-2.487276, 0.2174101, 8.466597, 148.9814, 248.6578
-2.88379, 0.2174101, 8.431906, 118.0435, 249.1639
-2.88379, 0.01984122, 8.431906, 118.0435, 264.3773
-2.487276, 0.01984122, 8.466597, 148.9814, 263.8038
-2.487276, 0.2174101, 8.466597, 148.9814, 248.6578
-2.487276, 0.2174101, 8.466597, 148.9814, 248.6578
-2.487276, 0.01984122, 8.466597, 148.9814, 263.8038
-2.465993, 0.01984122, 8.223333, 147.7456, 267.9356
-2.465993, 0.2174101, 8.223333, 147.7456, 252.3038
-2.862507, 0.01984122, 8.188643, 115.805, 268.5466
-2.465993, 0.01984122, 8.223333, 147.7456, 267.9356
-2.487276, 0.01984122, 8.466597, 148.9814, 263.8038
-2.88379, 0.01984122, 8.431906, 118.0435, 264.3773
-2.862507, 0.2174101, 8.188643, 115.805, 252.8429
-2.862507, 0.01984122, 8.188643, 115.805, 268.5466
-2.88379, 0.01984122, 8.431906, 118.0435, 264.3773
-2.88379, 0.2174101, 8.431906, 118.0435, 249.1639
-2.465993, 0.2174101, 8.223333, 147.7456, 252.3038
-2.465993, 0.01984122, 8.223333, 147.7456, 267.9356
-2.862507, 0.01984122, 8.188643, 115.805, 268.5466
-2.862507, 0.2174101, 8.188643, 115.805, 252.8429
box_6_melody(Clone) stack 27 Shelf_0 Rack_0_0_2
-2.467845, 0.4149789, 8.219703, 147.5548, 236.7207
-2.864904, 0.4149789, 8.191938, 115.6687, 237.0947
-2.881938, 0.414979, 8.435535, 118.2428, 233.9044
-2.484879, 0.414979, 8.463301, 149.1269, 233.5534
-2.881938, 0.414979, 8.435535, 118.2428, 233.9044
-2.881938, 0.2174101, 8.435535, 118.2428, 249.1107
-2.484879, 0.2174101, 8.463301, 149.1269, 248.7057
-2.484879, 0.414979, 8.463301, 149.1269, 233.5534
-2.484879, 0.414979, 8.463301, 149.1269, 233.5534
-2.484879, 0.2174101, 8.463301, 149.1269, 248.7057
-2.467845, 0.2174101, 8.219703, 147.5548, 252.36
-2.467845, 0.4149789, 8.219703, 147.5548, 236.7207
-2.864904, 0.2174101, 8.191938, 115.6687, 252.7915
-2.467845, 0.2174101, 8.219703, 147.5548, 252.36
-2.484879, 0.2174101, 8.463301, 149.1269, 248.7057
-2.881938, 0.2174101, 8.435535, 118.2428, 249.1107
-2.864904, 0.4149789, 8.191938, 115.6687, 237.0947
-2.864904, 0.2174101, 8.191938, 115.6687, 252.7915
-2.881938, 0.2174101, 8.435535, 118.2428, 249.1107
-2.881938, 0.414979, 8.435535, 118.2428, 233.9044
-2.467845, 0.4149789, 8.219703, 147.5548, 236.7207
-2.467845, 0.2174101, 8.219703, 147.5548, 252.36
-2.864904, 0.2174101, 8.191938, 115.6687, 252.7915
-2.864904, 0.4149789, 8.191938, 115.6687, 237.0947
box_6_melody(Clone) stack 27 Shelf_0 Rack_0_0_2
-2.465993, 0.6125478, 8.223333, 147.7456, 221.0402
-2.862507, 0.6125478, 8.188643, 115.805, 221.4356
-2.88379, 0.6125478, 8.431906, 118.0435, 218.7371
-2.487276, 0.6125478, 8.466597, 148.9814, 218.3659
-2.88379, 0.6125478, 8.431906, 118.0435, 218.7371
-2.88379, 0.4149789, 8.431906, 118.0435, 233.9505
-2.487276, 0.4149789, 8.466597, 148.9814, 233.5119
-2.487276, 0.6125478, 8.466597, 148.9814, 218.3659
-2.487276, 0.6125478, 8.466597, 148.9814, 218.3659
-2.487276, 0.4149789, 8.466597, 148.9814, 233.5119
-2.465993, 0.4149789, 8.223333, 147.7456, 236.672
-2.465993, 0.6125478, 8.223333, 147.7456, 221.0402
-2.862507, 0.4149789, 8.188643, 115.805, 237.1393
-2.465993, 0.4149789, 8.223333, 147.7456, 236.672
-2.487276, 0.4149789, 8.466597, 148.9814, 233.5119
-2.88379, 0.4149789, 8.431906, 118.0435, 233.9505
-2.862507, 0.6125478, 8.188643, 115.805, 221.4356
-2.862507, 0.4149789, 8.188643, 115.805, 237.1393
-2.88379, 0.4149789, 8.431906, 118.0435, 233.9505
-2.88379, 0.6125478, 8.431906, 118.0435, 218.7371
-2.465993, 0.6125478, 8.223333, 147.7456, 221.0402
-2.465993, 0.4149789, 8.223333, 147.7456, 236.672
-2.862507, 0.4149789, 8.188643, 115.805, 237.1393
-2.862507, 0.6125478, 8.188643, 115.805, 221.4356
box_6_melody(Clone) stack 27 Shelf_0 Rack_0_0_2
-2.478039, 0.8101166, 8.202068, 146.5305, 205.6064
-2.876006, 0.8101166, 8.209015, 115.0691, 205.5415
-2.871744, 0.8101166, 8.453171, 119.3004, 203.3372
-2.473777, 0.8101166, 8.446224, 149.7815, 203.398
-2.871744, 0.8101166, 8.453171, 119.3004, 203.3372
-2.871744, 0.6125478, 8.453171, 119.3004, 218.5092
-2.473777, 0.6125478, 8.446224, 149.7815, 218.5835
-2.473777, 0.8101166, 8.446224, 149.7815, 203.398
-2.473777, 0.8101166, 8.446224, 149.7815, 203.398
-2.473777, 0.6125478, 8.446224, 149.7815, 218.5835
-2.478039, 0.6125478, 8.202068, 146.5305, 221.2821
-2.478039, 0.8101166, 8.202068, 146.5305, 205.6064
-2.876006, 0.6125478, 8.209015, 115.0691, 221.203
-2.478039, 0.6125478, 8.202068, 146.5305, 221.2821
-2.473777, 0.6125478, 8.446224, 149.7815, 218.5835
-2.871744, 0.6125478, 8.453171, 119.3004, 218.5092
-2.876006, 0.8101166, 8.209015, 115.0691, 205.5415
-2.876006, 0.6125478, 8.209015, 115.0691, 221.203
-2.871744, 0.6125478, 8.453171, 119.3004, 218.5092
-2.871744, 0.8101166, 8.453171, 119.3004, 203.3372
-2.478039, 0.8101166, 8.202068, 146.5305, 205.6064
-2.478039, 0.6125478, 8.202068, 146.5305, 221.2821
-2.876006, 0.6125478, 8.209015, 115.0691, 221.203
-2.876006, 0.8101166, 8.209015, 115.0691, 205.5415
box_2_Parle-G(Clone) stack 28 Shelf_0 Rack_0_0_2
-2.043067, 0.331018, 8.277334, 181.6236, 242.5492
-2.356251, 0.331018, 8.304734, 157.3161, 242.1647
-2.34169, 0.331018, 8.471165, 160.1889, 239.8872
-2.028507, 0.331018, 8.443765, 183.9881, 240.2555
-2.34169, 0.331018, 8.471165, 160.1889, 239.8872
-2.34169, 0.01929341, 8.471165, 160.1889, 263.7706
-2.028507, 0.01929341, 8.443765, 183.9881, 264.2228
-2.028507, 0.331018, 8.443765, 183.9881, 240.2555
-2.028507, 0.331018, 8.443765, 183.9881, 240.2555
-2.028507, 0.01929341, 8.443765, 183.9881, 264.2228
-2.043067, 0.01929341, 8.277334, 181.6236, 267.0388
-2.043067, 0.331018, 8.277334, 181.6236, 242.5492
-2.356251, 0.01929341, 8.304734, 157.3161, 266.5667
-2.043067, 0.01929341, 8.277334, 181.6236, 267.0388
-2.028507, 0.01929341, 8.443765, 183.9881, 264.2228
-2.34169, 0.01929341, 8.471165, 160.1889, 263.7706
-2.356251, 0.331018, 8.304734, 157.3161, 242.1647
-2.356251, 0.01929341, 8.304734, 157.3161, 266.5667
-2.34169, 0.01929341, 8.471165, 160.1889, 263.7706
-2.34169, 0.331018, 8.471165, 160.1889, 239.8872
-2.043067, 0.331018, 8.277334, 181.6236, 242.5492
-2.043067, 0.01929341, 8.277334, 181.6236, 267.0388
-2.356251, 0.01929341, 8.304734, 157.3161, 266.5667
-2.356251, 0.331018, 8.304734, 157.3161, 242.1647
box_2_Parle-G(Clone) stack 28 Shelf_0 Rack_0_0_2
-2.028507, 0.6427426, 8.304734, 182.9721, 217.7628
-2.34169, 0.6427426, 8.277334, 158.1634, 218.0597
-2.356251, 0.6427426, 8.443765, 158.7892, 216.2883
-2.043067, 0.6427426, 8.471165, 183.0685, 216.0038
-2.356251, 0.6427426, 8.443765, 158.7892, 216.2883
-2.356251, 0.331018, 8.443765, 158.7892, 240.2555
-2.043067, 0.331018, 8.471165, 183.0685, 239.8872
-2.043067, 0.6427426, 8.471165, 183.0685, 216.0038
-2.043067, 0.6427426, 8.471165, 183.0685, 216.0038
-2.043067, 0.331018, 8.471165, 183.0685, 239.8872
-2.028507, 0.331018, 8.304734, 182.9721, 242.1647
-2.028507, 0.6427426, 8.304734, 182.9721, 217.7628
-2.34169, 0.331018, 8.277334, 158.1634, 242.5492
-2.028507, 0.331018, 8.304734, 182.9721, 242.1647
-2.043067, 0.331018, 8.471165, 183.0685, 239.8872
-2.356251, 0.331018, 8.443765, 158.7892, 240.2555
-2.34169, 0.6427426, 8.277334, 158.1634, 218.0597
-2.34169, 0.331018, 8.277334, 158.1634, 242.5492
-2.356251, 0.331018, 8.443765, 158.7892, 240.2555
-2.356251, 0.6427426, 8.443765, 158.7892, 216.2883
-2.028507, 0.6427426, 8.304734, 182.9721, 217.7628
-2.028507, 0.331018, 8.304734, 182.9721, 242.1647
-2.34169, 0.331018, 8.277334, 158.1634, 242.5492
-2.34169, 0.6427426, 8.277334, 158.1634, 218.0597
box_2_Parle-G(Clone) stack 28 Shelf_0 Rack_0_0_2
-2.029745, 0.9544672, 8.301885, 182.8539, 193.3825
-2.343359, 0.9544672, 8.279955, 158.0604, 193.55
-2.355012, 0.9544672, 8.446614, 158.914, 192.3001
-2.041399, 0.9544672, 8.468544, 183.1773, 192.1396
-2.355012, 0.9544672, 8.446614, 158.914, 192.3001
-2.355012, 0.6427426, 8.446614, 158.914, 216.2586
-2.041399, 0.6427426, 8.468544, 183.1773, 216.031
-2.041399, 0.9544672, 8.468544, 183.1773, 192.1396
-2.041399, 0.9544672, 8.468544, 183.1773, 192.1396
-2.041399, 0.6427426, 8.468544, 183.1773, 216.031
-2.029745, 0.6427426, 8.301885, 182.8539, 217.7935
-2.029745, 0.9544672, 8.301885, 182.8539, 193.3825
-2.343359, 0.6427426, 8.279955, 158.0604, 218.0312
-2.029745, 0.6427426, 8.301885, 182.8539, 217.7935
-2.041399, 0.6427426, 8.468544, 183.1773, 216.031
-2.355012, 0.6427426, 8.446614, 158.914, 216.2586
-2.343359, 0.9544672, 8.279955, 158.0604, 193.55
-2.343359, 0.6427426, 8.279955, 158.0604, 218.0312
-2.355012, 0.6427426, 8.446614, 158.914, 216.2586
-2.355012, 0.9544672, 8.446614, 158.914, 192.3001
-2.029745, 0.9544672, 8.301885, 182.8539, 193.3825
-2.029745, 0.6427426, 8.301885, 182.8539, 217.7935
-2.343359, 0.6427426, 8.279955, 158.0604, 218.0312
-2.343359, 0.9544672, 8.279955, 158.0604, 193.55
box_2_Parle-G(Clone) stack 29 Shelf_0 Rack_0_0_2
-1.59582, 0.2848746, 8.323089, 216.8984, 245.5122
-1.97099, 0.2848746, 8.329638, 187.6446, 245.4181
-1.968222, 0.2848746, 8.488244, 188.9143, 243.1866
-1.593052, 0.2848746, 8.481695, 217.5774, 243.277
-1.968222, 0.2848746, 8.488244, 188.9143, 243.1866
-1.968222, 0.01939823, 8.488244, 188.9143, 263.4824
-1.593052, 0.01939823, 8.481695, 217.5774, 263.5897
-1.593052, 0.2848746, 8.481695, 217.5774, 243.277
-1.593052, 0.2848746, 8.481695, 217.5774, 243.277
-1.593052, 0.01939823, 8.481695, 217.5774, 263.5897
-1.59582, 0.01939821, 8.323089, 216.8984, 266.2442
-1.59582, 0.2848746, 8.323089, 216.8984, 245.5122
-1.97099, 0.01939821, 8.329638, 187.6446, 266.1325
-1.59582, 0.01939821, 8.323089, 216.8984, 266.2442
-1.593052, 0.01939823, 8.481695, 217.5774, 263.5897
-1.968222, 0.01939823, 8.488244, 188.9143, 263.4824
-1.97099, 0.2848746, 8.329638, 187.6446, 245.4181
-1.97099, 0.01939821, 8.329638, 187.6446, 266.1325
-1.968222, 0.01939823, 8.488244, 188.9143, 263.4824
-1.968222, 0.2848746, 8.488244, 188.9143, 243.1866
-1.59582, 0.2848746, 8.323089, 216.8984, 245.5122
-1.59582, 0.01939821, 8.323089, 216.8984, 266.2442
-1.97099, 0.01939821, 8.329638, 187.6446, 266.1325
-1.97099, 0.2848746, 8.329638, 187.6446, 245.4181
box_6_melody(Clone) stack 30 Shelf_1 Rack_0_0_2
-2.607086, 1.427973, 8.226626, 136.6271, 156.5137
-2.894042, 1.427973, 8.241666, 114.1821, 156.4711
-2.881934, 1.427973, 8.472711, 118.821, 155.8378
-2.594978, 1.427973, 8.457671, 140.6115, 155.8779
-2.881934, 1.427973, 8.472711, 118.821, 155.8378
-2.881934, 1.204414, 8.472711, 118.821, 172.9628
-2.594978, 1.204414, 8.457671, 140.6115, 173.0358
-2.594978, 1.427973, 8.457671, 140.6115, 155.8779
-2.594978, 1.427973, 8.457671, 140.6115, 155.8779
-2.594978, 1.204414, 8.457671, 140.6115, 173.0358
-2.607086, 1.204414, 8.226626, 136.6271, 174.1942
-2.607086, 1.427973, 8.226626, 136.6271, 156.5137
-2.894042, 1.204414, 8.241666, 114.1821, 174.1167
-2.607086, 1.204414, 8.226626, 136.6271, 174.1942
-2.594978, 1.204414, 8.457671, 140.6115, 173.0358
-2.881934, 1.204414, 8.472711, 118.821, 172.9628
-2.894042, 1.427973, 8.241666, 114.1821, 156.4711
-2.894042, 1.204414, 8.241666, 114.1821, 174.1167
-2.881934, 1.204414, 8.472711, 118.821, 172.9628
-2.881934, 1.427973, 8.472711, 118.821, 155.8378
-2.607086, 1.427973, 8.226626, 136.6271, 156.5137
-2.607086, 1.204414, 8.226626, 136.6271, 174.1942
-2.894042, 1.204414, 8.241666, 114.1821, 174.1167
-2.894042, 1.427973, 8.241666, 114.1821, 156.4711
box_6_melody(Clone) stack 30 Shelf_1 Rack_0_0_2
-2.598838, 1.651532, 8.236512, 137.4131, 138.8282
-2.886144, 1.651532, 8.231498, 114.6378, 138.8307
-2.890182, 1.651532, 8.462824, 118.0352, 138.7174
-2.602876, 1.651532, 8.467839, 140.1352, 138.715
-2.890182, 1.651532, 8.462824, 118.0352, 138.7174
-2.890182, 1.427973, 8.462824, 118.0352, 155.8641
-2.602876, 1.427973, 8.467839, 140.1352, 155.8507
-2.602876, 1.651532, 8.467839, 140.1352, 138.715
-2.602876, 1.651532, 8.467839, 140.1352, 138.715
-2.602876, 1.427973, 8.467839, 140.1352, 155.8507
-2.598838, 1.427973, 8.236513, 137.4131, 156.4857
-2.598838, 1.651532, 8.236512, 137.4131, 138.8282
-2.886144, 1.427973, 8.231498, 114.6378, 156.4999
-2.598838, 1.427973, 8.236513, 137.4131, 156.4857
-2.602876, 1.427973, 8.467839, 140.1352, 155.8507
-2.890182, 1.427973, 8.462824, 118.0352, 155.8641
-2.886144, 1.651532, 8.231498, 114.6378, 138.8307
-2.886144, 1.427973, 8.231498, 114.6378, 156.4999
-2.890182, 1.427973, 8.462824, 118.0352, 155.8641
-2.890182, 1.651532, 8.462824, 118.0352, 138.7174
-2.598838, 1.651532, 8.236512, 137.4131, 138.8282
-2.598838, 1.427973, 8.236513, 137.4131, 156.4857
-2.886144, 1.427973, 8.231498, 114.6378, 156.4999
-2.886144, 1.651532, 8.231498, 114.6378, 138.8307
box_6_melody(Clone) stack 30 Shelf_1 Rack_0_0_2
-2.594978, 1.875092, 8.241666, 137.7873, 121.18
-2.881934, 1.875092, 8.226626, 114.8903, 121.1526
-2.894042, 1.875092, 8.457671, 117.6585, 121.5619
-2.607086, 1.875092, 8.472711, 139.8748, 121.5877
-2.894042, 1.875092, 8.457671, 117.6585, 121.5619
-2.894042, 1.651532, 8.457671, 117.6585, 138.7198
-2.607086, 1.651532, 8.472711, 139.8748, 138.7127
-2.607086, 1.875092, 8.472711, 139.8748, 121.5877
-2.607086, 1.875092, 8.472711, 139.8748, 121.5877
-2.607086, 1.651532, 8.472711, 139.8748, 138.7127
-2.594978, 1.651532, 8.241666, 137.7873, 138.8255
-2.594978, 1.875092, 8.241666, 137.7873, 121.18
-2.881934, 1.651532, 8.226626, 114.8903, 138.8331
-2.594978, 1.651532, 8.241666, 137.7873, 138.8255
-2.607086, 1.651532, 8.472711, 139.8748, 138.7127
-2.894042, 1.651532, 8.457671, 117.6585, 138.7198
-2.881934, 1.875092, 8.226626, 114.8903, 121.1526
-2.881934, 1.651532, 8.226626, 114.8903, 138.8331
-2.894042, 1.651532, 8.457671, 117.6585, 138.7198
-2.894042, 1.875092, 8.457671, 117.6585, 121.5619
-2.594978, 1.875092, 8.241666, 137.7873, 121.18
-2.594978, 1.651532, 8.241666, 137.7873, 138.8255
-2.881934, 1.651532, 8.226626, 114.8903, 138.8331
-2.881934, 1.875092, 8.226626, 114.8903, 121.1526
box_6_melody(Clone) stack 30 Shelf_1 Rack_0_0_2
-2.593116, 2.098651, 8.244291, 137.9696, 103.5453
-2.879766, 2.098651, 8.224247, 115.0226, 103.4622
-2.895905, 2.098651, 8.455046, 117.4745, 104.3936
-2.609255, 2.098651, 8.47509, 139.7392, 104.4719
-2.895905, 2.098651, 8.455046, 117.4745, 104.3936
-2.895905, 1.875092, 8.455046, 117.4745, 121.5574
-2.609255, 1.875092, 8.47509, 139.7392, 121.5917
-2.609255, 2.098651, 8.47509, 139.7392, 104.4719
-2.609255, 2.098651, 8.47509, 139.7392, 104.4719
-2.609255, 1.875092, 8.47509, 139.7392, 121.5917
-2.593116, 1.875092, 8.244291, 137.9696, 121.1848
-2.593116, 2.098651, 8.244291, 137.9696, 103.5453
-2.879766, 1.875092, 8.224247, 115.0226, 121.1483
-2.593116, 1.875092, 8.244291, 137.9696, 121.1848
-2.609255, 1.875092, 8.47509, 139.7392, 121.5917
-2.895905, 1.875092, 8.455046, 117.4745, 121.5574
-2.879766, 2.098651, 8.224247, 115.0226, 103.4622
-2.879766, 1.875092, 8.224247, 115.0226, 121.1483
-2.895905, 1.875092, 8.455046, 117.4745, 121.5574
-2.895905, 2.098651, 8.455046, 117.4745, 104.3936
-2.593116, 2.098651, 8.244291, 137.9696, 103.5453
-2.593116, 1.875092, 8.244291, 137.9696, 121.1848
-2.879766, 1.875092, 8.224247, 115.0226, 121.1483
-2.879766, 2.098651, 8.224247, 115.0226, 103.4622
box4_Fairever(Clone) stack 31 Shelf_1 Rack_0_0_2
-2.237472, 1.390992, 8.218204, 165.7762, 159.4655
-2.527221, 1.390992, 8.187751, 142.4435, 159.5642
-2.550889, 1.390992, 8.412935, 143.4428, 158.8526
-2.26114, 1.390992, 8.443389, 166.0983, 158.7595
-2.550889, 1.390992, 8.412935, 143.4428, 158.8526
-2.550889, 1.204274, 8.412935, 143.4428, 173.2655
-2.26114, 1.204274, 8.443389, 166.0983, 173.1162
-2.26114, 1.390992, 8.443389, 166.0983, 158.7595
-2.26114, 1.390992, 8.443389, 166.0983, 158.7595
-2.26114, 1.204274, 8.443389, 166.0983, 173.1162
-2.237472, 1.204274, 8.218204, 165.7762, 174.2488
-2.237472, 1.390992, 8.218204, 165.7762, 159.4655
-2.527221, 1.204274, 8.187751, 142.4435, 174.4072
-2.237472, 1.204274, 8.218204, 165.7762, 174.2488
-2.26114, 1.204274, 8.443389, 166.0983, 173.1162
-2.550889, 1.204274, 8.412935, 143.4428, 173.2655
-2.527221, 1.390992, 8.187751, 142.4435, 159.5642
-2.527221, 1.204274, 8.187751, 142.4435, 174.4072
-2.550889, 1.204274, 8.412935, 143.4428, 173.2655
-2.550889, 1.390992, 8.412935, 143.4428, 158.8526
-2.237472, 1.390992, 8.218204, 165.7762, 159.4655
-2.237472, 1.204274, 8.218204, 165.7762, 174.2488
-2.527221, 1.204274, 8.187751, 142.4435, 174.4072
-2.527221, 1.390992, 8.187751, 142.4435, 159.5642
box4_Fairever(Clone) stack 31 Shelf_1 Rack_0_0_2
-2.235796, 1.577711, 8.220955, 165.9358, 144.6787
-2.52497, 1.577711, 8.185449, 142.5927, 144.7242
-2.552564, 1.577711, 8.410185, 143.2792, 144.443
-2.263391, 1.577711, 8.445691, 165.9471, 144.4
-2.552564, 1.577711, 8.410185, 143.2792, 144.443
-2.552564, 1.390992, 8.410185, 143.2792, 158.861
-2.263391, 1.390992, 8.445691, 165.9471, 158.7525
-2.263391, 1.577711, 8.445691, 165.9471, 144.4
-2.263391, 1.577711, 8.445691, 165.9471, 144.4
-2.263391, 1.390992, 8.445691, 165.9471, 158.7525
-2.235796, 1.390992, 8.220955, 165.9358, 159.4566
-2.235796, 1.577711, 8.220955, 165.9358, 144.6787
-2.52497, 1.390992, 8.185449, 142.5927, 159.5717
-2.235796, 1.390992, 8.220955, 165.9358, 159.4566
-2.263391, 1.390992, 8.445691, 165.9471, 158.7525
-2.552564, 1.390992, 8.410185, 143.2792, 158.861
-2.52497, 1.577711, 8.185449, 142.5927, 144.7242
-2.52497, 1.390992, 8.185449, 142.5927, 159.5717
-2.552564, 1.390992, 8.410185, 143.2792, 158.861
-2.552564, 1.577711, 8.410185, 143.2792, 144.443
-2.235796, 1.577711, 8.220955, 165.9358, 144.6787
-2.235796, 1.390992, 8.220955, 165.9358, 159.4566
-2.52497, 1.390992, 8.185449, 142.5927, 159.5717
-2.52497, 1.577711, 8.185449, 142.5927, 144.7242
box4_Fairever(Clone) stack 31 Shelf_1 Rack_0_0_2
-2.25676, 1.764429, 8.192472, 163.991, 129.8815
-2.547395, 1.764429, 8.212795, 141.1677, 129.8953
-2.531601, 1.764429, 8.438668, 145.2453, 130.0431
-2.240965, 1.764429, 8.418344, 167.4166, 130.0302
-2.531601, 1.764429, 8.438668, 145.2453, 130.0431
-2.531601, 1.577711, 8.438668, 145.2453, 144.4085
-2.240965, 1.577711, 8.418344, 167.4166, 144.4331
-2.240965, 1.764429, 8.418344, 167.4166, 130.0302
-2.240965, 1.764429, 8.418344, 167.4166, 130.0302
-2.240965, 1.577711, 8.418344, 167.4166, 144.4331
-2.25676, 1.577711, 8.192472, 163.991, 144.7152
-2.25676, 1.764429, 8.192472, 163.991, 129.8815
-2.547395, 1.577711, 8.212795, 141.1677, 144.6891
-2.25676, 1.577711, 8.192472, 163.991, 144.7152
-2.240965, 1.577711, 8.418344, 167.4166, 144.4331
-2.531601, 1.577711, 8.438668, 145.2453, 144.4085
-2.547395, 1.764429, 8.212795, 141.1677, 129.8953
-2.547395, 1.577711, 8.212795, 141.1677, 144.6891
-2.531601, 1.577711, 8.438668, 145.2453, 144.4085
-2.531601, 1.764429, 8.438668, 145.2453, 130.0431
-2.25676, 1.764429, 8.192472, 163.991, 129.8815
-2.25676, 1.577711, 8.192472, 163.991, 144.7152
-2.547395, 1.577711, 8.212795, 141.1677, 144.6891
-2.547395, 1.764429, 8.212795, 141.1677, 129.8953
box4_Fairever(Clone) stack 31 Shelf_1 Rack_0_0_2
-2.244645, 1.951147, 8.20751, 165.1026, 115.0875
-2.535813, 1.951147, 8.197343, 141.8851, 115.0607
-2.543715, 1.951147, 8.423629, 144.1284, 115.6404
-2.252548, 1.951147, 8.433797, 166.6688, 115.6656
-2.543715, 1.951147, 8.423629, 144.1284, 115.6404
-2.543715, 1.764429, 8.423629, 144.1284, 130.0335
-2.252548, 1.764429, 8.433797, 166.6688, 130.04
-2.252548, 1.951147, 8.433797, 166.6688, 115.6656
-2.252548, 1.951147, 8.433797, 166.6688, 115.6656
-2.252548, 1.764429, 8.433797, 166.6688, 130.04
-2.244645, 1.764429, 8.207511, 165.1026, 129.8917
-2.244645, 1.951147, 8.20751, 165.1026, 115.0875
-2.535813, 1.764429, 8.197343, 141.8851, 129.8848
-2.244645, 1.764429, 8.207511, 165.1026, 129.8917
-2.252548, 1.764429, 8.433797, 166.6688, 130.04
-2.543715, 1.764429, 8.423629, 144.1284, 130.0335
-2.535813, 1.951147, 8.197343, 141.8851, 115.0607
-2.535813, 1.764429, 8.197343, 141.8851, 129.8848
-2.543715, 1.764429, 8.423629, 144.1284, 130.0335
-2.543715, 1.951147, 8.423629, 144.1284, 115.6404
-2.244645, 1.951147, 8.20751, 165.1026, 115.0875
-2.244645, 1.764429, 8.207511, 165.1026, 129.8917
-2.535813, 1.764429, 8.197343, 141.8851, 129.8848
-2.535813, 1.951147, 8.197343, 141.8851, 115.0607
box_5_LMRR(Clone) stack 32 Shelf_1 Rack_0_0_2
-1.753365, 1.376281, 8.246682, 204.2395, 160.5343
-2.137556, 1.376281, 8.199509, 173.523, 160.6937
-2.172657, 1.376281, 8.485383, 173.2609, 159.7574
-1.788466, 1.376281, 8.532557, 202.8664, 159.6095
-2.172657, 1.376281, 8.485383, 173.2609, 159.7574
-2.172657, 1.204434, 8.485383, 173.2609, 172.8999
-1.788466, 1.204434, 8.532557, 202.8664, 172.6734
-1.788466, 1.376281, 8.532557, 202.8664, 159.6095
-1.788466, 1.376281, 8.532557, 202.8664, 159.6095
-1.788466, 1.204434, 8.532557, 202.8664, 172.6734
-1.753365, 1.204434, 8.246682, 204.2395, 174.0892
-1.753365, 1.376281, 8.246682, 204.2395, 160.5343
-2.137556, 1.204434, 8.199509, 173.523, 174.3332
-1.753365, 1.204434, 8.246682, 204.2395, 174.0892
-1.788466, 1.204434, 8.532557, 202.8664, 172.6734
-2.172657, 1.204434, 8.485383, 173.2609, 172.8999
-2.137556, 1.376281, 8.199509, 173.523, 160.6937
-2.137556, 1.204434, 8.199509, 173.523, 174.3332
-2.172657, 1.204434, 8.485383, 173.2609, 172.8999
-2.172657, 1.376281, 8.485383, 173.2609, 159.7574
-1.753365, 1.376281, 8.246682, 204.2395, 160.5343
-1.753365, 1.204434, 8.246682, 204.2395, 174.0892
-2.137556, 1.204434, 8.199509, 173.523, 174.3332
-2.137556, 1.376281, 8.199509, 173.523, 160.6937
box_5_LMRR(Clone) stack 32 Shelf_1 Rack_0_0_2
-1.769473, 1.548127, 8.222022, 202.8485, 147.0184
-2.156549, 1.548127, 8.222022, 172.2174, 147.0184
-2.156549, 1.548127, 8.510043, 174.698, 146.5786
-1.769473, 1.548127, 8.510043, 204.2081, 146.5786
-2.156549, 1.548127, 8.510043, 174.698, 146.5786
-2.156549, 1.376281, 8.510043, 174.698, 159.6799
-1.769473, 1.376281, 8.510043, 204.2081, 159.6799
-1.769473, 1.548127, 8.510043, 204.2081, 146.5786
-1.769473, 1.548127, 8.510043, 204.2081, 146.5786
-1.769473, 1.376281, 8.510043, 204.2081, 159.6799
-1.769473, 1.376281, 8.222022, 202.8485, 160.6174
-1.769473, 1.548127, 8.222022, 202.8485, 147.0184
-2.156549, 1.376281, 8.222022, 172.2174, 160.6174
-1.769473, 1.376281, 8.222022, 202.8485, 160.6174
-1.769473, 1.376281, 8.510043, 204.2081, 159.6799
-2.156549, 1.376281, 8.510043, 174.698, 159.6799
-2.156549, 1.548127, 8.222022, 172.2174, 147.0184
-2.156549, 1.376281, 8.222022, 172.2174, 160.6174
-2.156549, 1.376281, 8.510043, 174.698, 159.6799
-2.156549, 1.548127, 8.510043, 174.698, 146.5786
-1.769473, 1.548127, 8.222022, 202.8485, 147.0184
-1.769473, 1.376281, 8.222022, 202.8485, 160.6174
-2.156549, 1.376281, 8.222022, 172.2174, 160.6174
-2.156549, 1.548127, 8.222022, 172.2174, 147.0184
box_5_LMRR(Clone) stack 33 Shelf_1 Rack_0_0_2
-1.441525, 1.364677, 8.231181, 228.814, 161.5036
-1.690086, 1.364677, 8.200662, 209.0435, 161.6106
-1.722399, 1.364677, 8.463834, 207.6067, 160.7155
-1.473838, 1.364677, 8.494353, 226.7204, 160.6156
-1.722399, 1.364677, 8.463834, 207.6067, 160.7155
-1.722399, 1.204445, 8.463834, 207.6067, 173.0035
-1.473838, 1.204445, 8.494353, 226.7204, 172.8558
-1.473838, 1.364677, 8.494353, 226.7204, 160.6156
-1.473838, 1.364677, 8.494353, 226.7204, 160.6156
-1.473838, 1.204445, 8.494353, 226.7204, 172.8558
-1.441525, 1.204445, 8.231181, 228.814, 174.1682
-1.441525, 1.364677, 8.231181, 228.814, 161.5036
-1.690086, 1.204445, 8.200662, 209.0435, 174.3263
-1.441525, 1.204445, 8.231181, 228.814, 174.1682
-1.473838, 1.204445, 8.494353, 226.7204, 172.8558
-1.722399, 1.204445, 8.463834, 207.6067, 173.0035
-1.690086, 1.364677, 8.200662, 209.0435, 161.6106
-1.690086, 1.204445, 8.200662, 209.0435, 174.3263
-1.722399, 1.204445, 8.463834, 207.6067, 173.0035
-1.722399, 1.364677, 8.463834, 207.6067, 160.7155
-1.441525, 1.364677, 8.231181, 228.814, 161.5036
-1.441525, 1.204445, 8.231181, 228.814, 174.1682
-1.690086, 1.204445, 8.200662, 209.0435, 174.3263
-1.690086, 1.364677, 8.200662, 209.0435, 161.6106
box_5_LMRR(Clone) stack 33 Shelf_1 Rack_0_0_2
-1.449981, 1.524909, 8.221668, 228.1308, 148.8564
-1.700066, 1.524909, 8.208562, 208.2847, 148.8804
-1.713943, 1.524909, 8.473347, 208.2938, 148.4112
-1.463858, 1.524909, 8.486453, 227.4702, 148.3888
-1.713943, 1.524909, 8.473347, 208.2938, 148.4112
-1.713943, 1.364677, 8.473347, 208.2938, 160.6843
-1.463858, 1.364677, 8.486453, 227.4702, 160.6414
-1.463858, 1.524909, 8.486453, 227.4702, 148.3888
-1.463858, 1.524909, 8.486453, 227.4702, 148.3888
-1.463858, 1.364677, 8.486453, 227.4702, 160.6414
-1.449981, 1.364677, 8.221668, 228.1308, 161.5369
-1.449981, 1.524909, 8.221668, 228.1308, 148.8564
-1.700066, 1.364677, 8.208562, 208.2847, 161.5828
-1.449981, 1.364677, 8.221668, 228.1308, 161.5369
-1.463858, 1.364677, 8.486453, 227.4702, 160.6414
-1.713943, 1.364677, 8.473347, 208.2938, 160.6843
-1.700066, 1.524909, 8.208562, 208.2847, 148.8804
-1.700066, 1.364677, 8.208562, 208.2847, 161.5828
-1.713943, 1.364677, 8.473347, 208.2938, 160.6843
-1.713943, 1.524909, 8.473347, 208.2938, 148.4112
-1.449981, 1.524909, 8.221668, 228.1308, 148.8564
-1.449981, 1.364677, 8.221668, 228.1308, 161.5369
-1.700066, 1.364677, 8.208562, 208.2847, 161.5828
-1.700066, 1.524909, 8.208562, 208.2847, 148.8804
box_5_LMRR(Clone) stack 33 Shelf_1 Rack_0_0_2
-1.452198, 1.685142, 8.219384, 227.9517, 136.1762
-1.702473, 1.685142, 8.210645, 208.1026, 136.1776
-1.711727, 1.685142, 8.475631, 208.4728, 136.1377
-1.461451, 1.685142, 8.48437, 227.6509, 136.1365
-1.711727, 1.685142, 8.475631, 208.4728, 136.1377
-1.711727, 1.524909, 8.475631, 208.4728, 148.4073
-1.461451, 1.524909, 8.48437, 227.6509, 148.3923
-1.461451, 1.685142, 8.48437, 227.6509, 136.1365
-1.461451, 1.685142, 8.48437, 227.6509, 136.1365
-1.461451, 1.524909, 8.48437, 227.6509, 148.3923
-1.452198, 1.524909, 8.219384, 227.9517, 148.8605
-1.452198, 1.685142, 8.219384, 227.9517, 136.1762
-1.702473, 1.524909, 8.210645, 208.1026, 148.8766
-1.452198, 1.524909, 8.219384, 227.9517, 148.8605
-1.461451, 1.524909, 8.48437, 227.6509, 148.3923
-1.711727, 1.524909, 8.475631, 208.4728, 148.4073
-1.702473, 1.685142, 8.210645, 208.1026, 136.1776
-1.702473, 1.524909, 8.210645, 208.1026, 148.8766
-1.711727, 1.524909, 8.475631, 208.4728, 148.4073
-1.711727, 1.685142, 8.475631, 208.4728, 136.1377
-1.452198, 1.685142, 8.219384, 227.9517, 136.1762
-1.452198, 1.524909, 8.219384, 227.9517, 148.8605
-1.702473, 1.524909, 8.210645, 208.1026, 148.8766
-1.702473, 1.685142, 8.210645, 208.1026, 136.1776
box_5_LMRR(Clone) stack 33 Shelf_1 Rack_0_0_2
-1.461451, 1.845374, 8.210645, 227.2044, 123.4786
-1.711727, 1.845374, 8.219384, 207.4069, 123.4919
-1.702473, 1.845374, 8.48437, 209.2157, 123.8806
-1.452198, 1.845374, 8.475631, 228.3457, 123.8682
-1.702473, 1.845374, 8.48437, 209.2157, 123.8806
-1.702473, 1.685142, 8.48437, 209.2157, 136.1365
-1.452198, 1.685142, 8.475631, 228.3457, 136.1378
-1.452198, 1.845374, 8.475631, 228.3457, 123.8682
-1.452198, 1.845374, 8.475631, 228.3457, 123.8682
-1.452198, 1.685142, 8.475631, 228.3457, 136.1378
-1.461451, 1.685142, 8.210645, 227.2044, 136.1776
-1.461451, 1.845374, 8.210645, 227.2044, 123.4786
-1.711727, 1.685142, 8.219384, 207.4069, 136.1762
-1.461451, 1.685142, 8.210645, 227.2044, 136.1776
-1.452198, 1.685142, 8.475631, 228.3457, 136.1378
-1.702473, 1.685142, 8.48437, 209.2157, 136.1365
-1.711727, 1.845374, 8.219384, 207.4069, 123.4919
-1.711727, 1.685142, 8.219384, 207.4069, 136.1762
-1.702473, 1.685142, 8.48437, 209.2157, 136.1365
-1.702473, 1.845374, 8.48437, 209.2157, 123.8806
-1.461451, 1.845374, 8.210645, 227.2044, 123.4786
-1.461451, 1.685142, 8.210645, 227.2044, 136.1776
-1.711727, 1.685142, 8.219384, 207.4069, 136.1762
-1.711727, 1.845374, 8.219384, 207.4069, 123.4919
box_5_LMRR(Clone) stack 33 Shelf_1 Rack_0_0_2
-1.471292, 2.005606, 8.202572, 226.41, 110.7538
-1.720348, 2.005606, 8.228748, 206.7655, 110.8374
-1.692632, 2.005606, 8.492443, 209.9992, 111.6488
-1.443576, 2.005606, 8.466267, 228.9927, 111.5707
-1.692632, 2.005606, 8.492443, 209.9992, 111.6488
-1.692632, 1.845374, 8.492443, 209.9992, 123.8921
-1.443576, 1.845374, 8.466267, 228.9927, 123.8549
-1.443576, 2.005606, 8.466267, 228.9927, 111.5707
-1.443576, 2.005606, 8.466267, 228.9927, 111.5707
-1.443576, 1.845374, 8.466267, 228.9927, 123.8549
-1.471292, 1.845374, 8.202572, 226.41, 123.4663
-1.471292, 2.005606, 8.202572, 226.41, 110.7538
-1.720348, 1.845374, 8.228748, 206.7655, 123.5061
-1.471292, 1.845374, 8.202572, 226.41, 123.4663
-1.443576, 1.845374, 8.466267, 228.9927, 123.8549
-1.692632, 1.845374, 8.492443, 209.9992, 123.8921
-1.720348, 2.005606, 8.228748, 206.7655, 110.8374
-1.720348, 1.845374, 8.228748, 206.7655, 123.5061
-1.692632, 1.845374, 8.492443, 209.9992, 123.8921
-1.692632, 2.005606, 8.492443, 209.9992, 111.6488
-1.471292, 2.005606, 8.202572, 226.41, 110.7538
-1.471292, 1.845374, 8.202572, 226.41, 123.4663
-1.720348, 1.845374, 8.228748, 206.7655, 123.5061
-1.720348, 2.005606, 8.228748, 206.7655, 110.8374
box_5_LMRR(Clone) stack 34 Shelf_2 Rack_0_0_2
-2.488664, 2.560091, 8.248526, 146.2632, 67.17413
-2.836147, 2.560091, 8.230315, 118.5705, 67.01141
-2.850105, 2.560091, 8.496664, 121.6211, 69.31628
-2.502623, 2.560091, 8.514874, 148.3702, 69.46817
-2.850105, 2.560091, 8.496664, 121.6211, 69.31628
-2.850105, 2.389029, 8.496664, 121.6211, 82.38007
-2.502623, 2.389029, 8.514874, 148.3702, 82.50174
-2.502623, 2.560091, 8.514874, 148.3702, 69.46817
-2.502623, 2.560091, 8.514874, 148.3702, 69.46817
-2.502623, 2.389029, 8.514874, 148.3702, 82.50174
-2.488664, 2.389029, 8.248526, 146.2632, 80.66396
-2.488664, 2.560091, 8.248526, 146.2632, 67.17413
-2.836147, 2.389029, 8.230315, 118.5705, 80.5336
-2.488664, 2.389029, 8.248526, 146.2632, 80.66396
-2.502623, 2.389029, 8.514874, 148.3702, 82.50174
-2.850105, 2.389029, 8.496664, 121.6211, 82.38007
-2.836147, 2.560091, 8.230315, 118.5705, 67.01141
-2.836147, 2.389029, 8.230315, 118.5705, 80.5336
-2.850105, 2.389029, 8.496664, 121.6211, 82.38007
-2.850105, 2.560091, 8.496664, 121.6211, 69.31628
-2.488664, 2.560091, 8.248526, 146.2632, 67.17413
-2.488664, 2.389029, 8.248526, 146.2632, 80.66396
-2.836147, 2.389029, 8.230315, 118.5705, 80.5336
-2.836147, 2.560091, 8.230315, 118.5705, 67.01141
box_5_LMRR(Clone) stack 34 Shelf_2 Rack_0_0_2
-2.488664, 2.731154, 8.248526, 146.2632, 53.6843
-2.836147, 2.731154, 8.230315, 118.5705, 53.48921
-2.850105, 2.731154, 8.496664, 121.6211, 56.25249
-2.502623, 2.731154, 8.514874, 148.3702, 56.4346
-2.850105, 2.731154, 8.496664, 121.6211, 56.25249
-2.850105, 2.560091, 8.496664, 121.6211, 69.31628
-2.502623, 2.560091, 8.514874, 148.3702, 69.46817
-2.502623, 2.731154, 8.514874, 148.3702, 56.4346
-2.502623, 2.731154, 8.514874, 148.3702, 56.4346
-2.502623, 2.560091, 8.514874, 148.3702, 69.46817
-2.488664, 2.560091, 8.248526, 146.2632, 67.17413
-2.488664, 2.731154, 8.248526, 146.2632, 53.6843
-2.836147, 2.560091, 8.230315, 118.5705, 67.01141
-2.488664, 2.560091, 8.248526, 146.2632, 67.17413
-2.502623, 2.560091, 8.514874, 148.3702, 69.46817
-2.850105, 2.560091, 8.496664, 121.6211, 69.31628
-2.836147, 2.731154, 8.230315, 118.5705, 53.48921
-2.836147, 2.560091, 8.230315, 118.5705, 67.01141
-2.850105, 2.560091, 8.496664, 121.6211, 69.31628
-2.850105, 2.731154, 8.496664, 121.6211, 56.25249
-2.488664, 2.731154, 8.248526, 146.2632, 53.6843
-2.488664, 2.560091, 8.248526, 146.2632, 67.17413
-2.836147, 2.560091, 8.230315, 118.5705, 67.01141
-2.836147, 2.731154, 8.230315, 118.5705, 53.48921
box_5_LMRR(Clone) stack 34 Shelf_2 Rack_0_0_2
-2.497759, 2.902217, 8.236221, 145.3931, 40.04088
-2.845665, 2.902217, 8.242294, 118.0106, 40.11674
-2.841011, 2.902217, 8.508968, 122.4997, 43.33228
-2.493104, 2.902217, 8.502895, 148.9569, 43.26149
-2.841011, 2.902217, 8.508968, 122.4997, 43.33228
-2.841011, 2.731154, 8.508968, 122.4997, 56.37564
-2.493104, 2.731154, 8.502895, 148.9569, 56.3149
-2.493104, 2.902217, 8.502895, 148.9569, 43.26149
-2.493104, 2.902217, 8.502895, 148.9569, 43.26149
-2.493104, 2.731154, 8.502895, 148.9569, 56.3149
-2.497759, 2.731154, 8.236221, 145.3931, 53.55258
-2.497759, 2.902217, 8.236221, 145.3931, 40.04088
-2.845665, 2.731154, 8.242294, 118.0106, 53.61763
-2.497759, 2.731154, 8.236221, 145.3931, 53.55258
-2.493104, 2.731154, 8.502895, 148.9569, 56.3149
-2.841011, 2.731154, 8.508968, 122.4997, 56.37564
-2.845665, 2.902217, 8.242294, 118.0106, 40.11674
-2.845665, 2.731154, 8.242294, 118.0106, 53.61763
-2.841011, 2.731154, 8.508968, 122.4997, 56.37564
-2.841011, 2.902217, 8.508968, 122.4997, 43.33228
-2.497759, 2.902217, 8.236221, 145.3931, 40.04088
-2.497759, 2.731154, 8.236221, 145.3931, 53.55258
-2.845665, 2.731154, 8.242294, 118.0106, 53.61763
-2.845665, 2.902217, 8.242294, 118.0106, 40.11674
box_5_LMRR(Clone) stack 34 Shelf_2 Rack_0_0_2
-2.510298, 3.07328, 8.221783, 144.2206, 26.32265
-2.856351, 3.07328, 8.258154, 117.423, 26.84149
-2.828472, 3.07328, 8.523407, 123.6692, 30.48068
-2.482419, 3.07328, 8.487036, 149.59, 29.99625
-2.828472, 3.07328, 8.523407, 123.6692, 30.48068
-2.828472, 2.902217, 8.523407, 123.6692, 43.50017
-2.482419, 2.902217, 8.487036, 149.59, 43.07608
-2.482419, 3.07328, 8.487036, 149.59, 29.99625
-2.482419, 3.07328, 8.487036, 149.59, 29.99625
-2.482419, 2.902217, 8.487036, 149.59, 43.07608
-2.510298, 2.902217, 8.221783, 144.2206, 39.86006
-2.510298, 3.07328, 8.221783, 144.2206, 26.32265
-2.856351, 2.902217, 8.258154, 117.423, 40.31427
-2.510298, 2.902217, 8.221783, 144.2206, 39.86006
-2.482419, 2.902217, 8.487036, 149.59, 43.07608
-2.828472, 2.902217, 8.523407, 123.6692, 43.50017
-2.856351, 3.07328, 8.258154, 117.423, 26.84149
-2.856351, 2.902217, 8.258154, 117.423, 40.31427
-2.828472, 2.902217, 8.523407, 123.6692, 43.50017
-2.828472, 3.07328, 8.523407, 123.6692, 30.48068
-2.510298, 3.07328, 8.221783, 144.2206, 26.32265
-2.510298, 2.902217, 8.221783, 144.2206, 39.86006
-2.856351, 2.902217, 8.258154, 117.423, 40.31427
-2.856351, 3.07328, 8.258154, 117.423, 26.84149
box_5_LMRR(Clone) stack 34 Shelf_2 Rack_0_0_2
-2.495405, 3.244343, 8.239238, 145.6165, 13.06595
-2.843364, 3.244343, 8.239238, 118.1432, 13.06595
-2.843364, 3.244343, 8.505952, 122.2751, 17.20041
-2.495405, 3.244343, 8.505952, 148.8168, 17.20041
-2.843364, 3.244343, 8.505952, 122.2751, 17.20041
-2.843364, 3.07328, 8.505952, 122.2751, 30.24876
-2.495405, 3.07328, 8.505952, 148.8168, 30.24876
-2.495405, 3.244343, 8.505952, 148.8168, 17.20041
-2.495405, 3.244343, 8.505952, 148.8168, 17.20041
-2.495405, 3.07328, 8.505952, 148.8168, 30.24876
-2.495405, 3.07328, 8.239238, 145.6165, 26.57227
-2.495405, 3.244343, 8.239238, 145.6165, 13.06595
-2.843364, 3.07328, 8.239238, 118.1432, 26.57227
-2.495405, 3.07328, 8.239238, 145.6165, 26.57227
-2.495405, 3.07328, 8.505952, 148.8168, 30.24876
-2.843364, 3.07328, 8.505952, 122.2751, 30.24876
-2.843364, 3.244343, 8.239238, 118.1432, 13.06595
-2.843364, 3.07328, 8.239238, 118.1432, 26.57227
-2.843364, 3.07328, 8.505952, 122.2751, 30.24876
-2.843364, 3.244343, 8.505952, 122.2751, 17.20041
-2.495405, 3.244343, 8.239238, 145.6165, 13.06595
-2.495405, 3.07328, 8.239238, 145.6165, 26.57227
-2.843364, 3.07328, 8.239238, 118.1432, 26.57227
-2.843364, 3.244343, 8.239238, 118.1432, 13.06595
box_8_lizol(Clone) stack 35 Shelf_2 Rack_0_0_2
-2.118879, 2.597163, 8.224973, 175.2236, 64.03104
-2.426971, 2.597163, 8.251927, 151.168, 64.28235
-2.406538, 2.597163, 8.485476, 155.3751, 66.38751
-2.098446, 2.597163, 8.458522, 178.7266, 66.15097
-2.406538, 2.597163, 8.485476, 155.3751, 66.38751
-2.406538, 2.389106, 8.485476, 155.3751, 82.2991
-2.098446, 2.389106, 8.458522, 178.7266, 82.11742
-2.098446, 2.597163, 8.458522, 178.7266, 66.15097
-2.098446, 2.597163, 8.458522, 178.7266, 66.15097
-2.098446, 2.389106, 8.458522, 178.7266, 82.11742
-2.118879, 2.389106, 8.224973, 175.2236, 80.48911
-2.118879, 2.597163, 8.224973, 175.2236, 64.03104
-2.426971, 2.389106, 8.251927, 151.168, 80.68214
-2.118879, 2.389106, 8.224973, 175.2236, 80.48911
-2.098446, 2.389106, 8.458522, 178.7266, 82.11742
-2.406538, 2.389106, 8.485476, 155.3751, 82.2991
-2.426971, 2.597163, 8.251927, 151.168, 64.28235
-2.426971, 2.389106, 8.251927, 151.168, 80.68214
-2.406538, 2.389106, 8.485476, 155.3751, 82.2991
-2.406538, 2.597163, 8.485476, 155.3751, 66.38751
-2.118879, 2.597163, 8.224973, 175.2236, 64.03104
-2.118879, 2.389106, 8.224973, 175.2236, 80.48911
-2.426971, 2.389106, 8.251927, 151.168, 80.68214
-2.426971, 2.597163, 8.251927, 151.168, 64.28235
box_8_lizol(Clone) stack 35 Shelf_2 Rack_0_0_2
-2.096668, 2.80522, 8.254809, 177.2275, 47.9155
-2.404243, 2.80522, 8.222483, 152.6215, 47.54422
-2.428749, 2.80522, 8.45564, 153.3469, 50.15321
-2.121174, 2.80522, 8.487967, 177.2189, 50.5027
-2.428749, 2.80522, 8.45564, 153.3469, 50.15321
-2.428749, 2.597163, 8.45564, 153.3469, 66.12556
-2.121174, 2.597163, 8.487967, 177.2189, 66.40927
-2.121174, 2.80522, 8.487967, 177.2189, 50.5027
-2.121174, 2.80522, 8.487967, 177.2189, 50.5027
-2.121174, 2.597163, 8.487967, 177.2189, 66.40927
-2.096668, 2.597163, 8.254809, 177.2275, 64.3091
-2.096668, 2.80522, 8.254809, 177.2275, 47.9155
-2.404243, 2.597163, 8.222483, 152.6215, 64.00774
-2.096668, 2.597163, 8.254809, 177.2275, 64.3091
-2.121174, 2.597163, 8.487967, 177.2189, 66.40927
-2.428749, 2.597163, 8.45564, 153.3469, 66.12556
-2.404243, 2.80522, 8.222483, 152.6215, 47.54422
-2.404243, 2.597163, 8.222483, 152.6215, 64.00774
-2.428749, 2.597163, 8.45564, 153.3469, 66.12556
-2.428749, 2.80522, 8.45564, 153.3469, 50.15321
-2.096668, 2.80522, 8.254809, 177.2275, 47.9155
-2.096668, 2.597163, 8.254809, 177.2275, 64.3091
-2.404243, 2.597163, 8.222483, 152.6215, 64.00774
-2.404243, 2.80522, 8.222483, 152.6215, 47.54422
box_8_lizol(Clone) stack 35 Shelf_2 Rack_0_0_2
-2.106051, 3.013277, 8.240721, 176.3704, 31.33009
-2.415274, 3.013277, 8.235323, 151.8979, 31.25641
-2.419365, 3.013277, 8.469728, 154.2219, 34.36229
-2.110143, 3.013277, 8.475126, 177.9607, 34.43161
-2.419365, 3.013277, 8.469728, 154.2219, 34.36229
-2.419365, 2.80522, 8.469728, 154.2219, 50.30589
-2.110143, 2.80522, 8.475126, 177.9607, 50.36424
-2.110143, 3.013277, 8.475126, 177.9607, 34.43161
-2.110143, 3.013277, 8.475126, 177.9607, 34.43161
-2.110143, 2.80522, 8.475126, 177.9607, 50.36424
-2.106051, 2.80522, 8.240721, 176.3704, 47.75407
-2.106051, 3.013277, 8.240721, 176.3704, 31.33009
-2.415274, 2.80522, 8.235323, 151.8979, 47.69206
-2.106051, 2.80522, 8.240721, 176.3704, 47.75407
-2.110143, 2.80522, 8.475126, 177.9607, 50.36424
-2.419365, 2.80522, 8.469728, 154.2219, 50.30589
-2.415274, 3.013277, 8.235323, 151.8979, 31.25641
-2.415274, 2.80522, 8.235323, 151.8979, 47.69206
-2.419365, 2.80522, 8.469728, 154.2219, 50.30589
-2.419365, 3.013277, 8.469728, 154.2219, 34.36229
-2.106051, 3.013277, 8.240721, 176.3704, 31.33009
-2.106051, 2.80522, 8.240721, 176.3704, 47.75407
-2.415274, 2.80522, 8.235323, 151.8979, 47.69206
-2.415274, 3.013277, 8.235323, 151.8979, 31.25641
box_8_lizol(Clone) stack 35 Shelf_2 Rack_0_0_2
-2.096668, 3.221334, 8.254809, 177.2275, 15.12828
-2.404243, 3.221334, 8.222483, 152.6215, 14.61725
-2.428749, 3.221334, 8.45564, 153.3469, 18.2085
-2.121174, 3.221334, 8.487967, 177.2189, 18.68958
-2.428749, 3.221334, 8.45564, 153.3469, 18.2085
-2.428749, 3.013277, 8.45564, 153.3469, 34.18086
-2.121174, 3.013277, 8.487967, 177.2189, 34.59615
-2.121174, 3.221334, 8.487967, 177.2189, 18.68958
-2.121174, 3.221334, 8.487967, 177.2189, 18.68958
-2.121174, 3.013277, 8.487967, 177.2189, 34.59615
-2.096668, 3.013277, 8.254809, 177.2275, 31.5219
-2.096668, 3.221334, 8.254809, 177.2275, 15.12828
-2.404243, 3.013277, 8.222483, 152.6215, 31.08073
-2.096668, 3.013277, 8.254809, 177.2275, 31.5219
-2.121174, 3.013277, 8.487967, 177.2189, 34.59615
-2.428749, 3.013277, 8.45564, 153.3469, 34.18086
-2.404243, 3.221334, 8.222483, 152.6215, 14.61725
-2.404243, 3.013277, 8.222483, 152.6215, 31.08073
-2.428749, 3.013277, 8.45564, 153.3469, 34.18086
-2.428749, 3.221334, 8.45564, 153.3469, 18.2085
-2.096668, 3.221334, 8.254809, 177.2275, 15.12828
-2.096668, 3.013277, 8.254809, 177.2275, 31.5219
-2.404243, 3.013277, 8.222483, 152.6215, 31.08073
-2.404243, 3.221334, 8.222483, 152.6215, 14.61725
box_6_melody(Clone) stack 36 Shelf_2 Rack_0_0_2
-1.860509, 2.590416, 8.242125, 195.7617, 64.72366
-2.070493, 2.590416, 8.238459, 179.1593, 64.68976
-2.074395, 2.590416, 8.462032, 180.5989, 66.6994
-1.864412, 2.590416, 8.465698, 196.7263, 66.73141
-2.074395, 2.590416, 8.462032, 180.5989, 66.6994
-2.074395, 2.389025, 8.462032, 180.5989, 82.14735
-1.864412, 2.389025, 8.465698, 196.7263, 82.17212
-1.864412, 2.590416, 8.465698, 196.7263, 66.73141
-1.864412, 2.590416, 8.465698, 196.7263, 66.73141
-1.864412, 2.389025, 8.465698, 196.7263, 82.17212
-1.860509, 2.389025, 8.242125, 195.7617, 80.61848
-1.860509, 2.590416, 8.242125, 195.7617, 64.72366
-2.070493, 2.389025, 8.238459, 179.1593, 80.59225
-1.860509, 2.389025, 8.242125, 195.7617, 80.61848
-1.864412, 2.389025, 8.465698, 196.7263, 82.17212
-2.074395, 2.389025, 8.462032, 180.5989, 82.14735
-2.070493, 2.590416, 8.238459, 179.1593, 64.68976
-2.070493, 2.389025, 8.238459, 179.1593, 80.59225
-2.074395, 2.389025, 8.462032, 180.5989, 82.14735
-2.074395, 2.590416, 8.462032, 180.5989, 66.6994
-1.860509, 2.590416, 8.242125, 195.7617, 64.72366
-1.860509, 2.389025, 8.242125, 195.7617, 80.61848
-2.070493, 2.389025, 8.238459, 179.1593, 80.59225
-2.070493, 2.590416, 8.238459, 179.1593, 64.68976
box_6_melody(Clone) stack 36 Shelf_2 Rack_0_0_2
-1.870499, 2.791806, 8.233222, 194.9204, 48.72783
-2.080003, 2.791806, 8.247871, 178.4845, 48.89397
-2.064405, 2.791806, 8.470935, 181.4319, 51.34668
-1.854901, 2.791806, 8.456285, 197.4043, 51.18991
-2.064405, 2.791806, 8.470935, 181.4319, 51.34668
-2.064405, 2.590415, 8.470935, 181.4319, 66.77707
-1.854901, 2.590415, 8.456285, 197.4043, 66.64922
-1.854901, 2.791806, 8.456285, 197.4043, 51.18991
-1.854901, 2.791806, 8.456285, 197.4043, 51.18991
-1.854901, 2.590415, 8.456285, 197.4043, 66.64922
-1.870499, 2.590415, 8.233222, 194.9204, 64.6413
-1.870499, 2.791806, 8.233222, 194.9204, 48.72783
-2.080003, 2.590415, 8.247872, 178.4845, 64.77678
-1.870499, 2.590415, 8.233222, 194.9204, 64.6413
-1.854901, 2.590415, 8.456285, 197.4043, 66.64922
-2.064405, 2.590415, 8.470935, 181.4319, 66.77707
-2.080003, 2.791806, 8.247871, 178.4845, 48.89397
-2.080003, 2.590415, 8.247872, 178.4845, 64.77678
-2.064405, 2.590415, 8.470935, 181.4319, 66.77707
-2.064405, 2.791806, 8.470935, 181.4319, 51.34668
-1.870499, 2.791806, 8.233222, 194.9204, 48.72783
-1.870499, 2.590415, 8.233222, 194.9204, 64.6413
-2.080003, 2.590415, 8.247872, 178.4845, 64.77678
-2.080003, 2.791806, 8.247871, 178.4845, 48.89397
box4_Fairever(Clone) stack 37 Shelf_2 Rack_0_0_2
-1.574949, 2.58203, 8.193359, 218.1595, 64.93607
-1.841362, 2.58203, 8.22136, 197.1558, 65.19484
-1.818183, 2.58203, 8.441893, 200.1495, 67.168
-1.55177, 2.58203, 8.413892, 220.568, 66.92368
-1.818183, 2.58203, 8.441893, 200.1495, 67.168
-1.818183, 2.388857, 8.441893, 200.1495, 82.02385
-1.55177, 2.388857, 8.413892, 220.568, 81.83304
-1.55177, 2.58203, 8.413892, 220.568, 66.92368
-1.55177, 2.58203, 8.413892, 220.568, 66.92368
-1.55177, 2.388857, 8.413892, 220.568, 81.83304
-1.574949, 2.388857, 8.193359, 218.1595, 80.28075
-1.574949, 2.58203, 8.193359, 218.1595, 64.93607
-1.841362, 2.388857, 8.22136, 197.1558, 80.48285
-1.574949, 2.388857, 8.193359, 218.1595, 80.28075
-1.55177, 2.388857, 8.413892, 220.568, 81.83304
-1.818183, 2.388857, 8.441893, 200.1495, 82.02385
-1.841362, 2.58203, 8.22136, 197.1558, 65.19484
-1.841362, 2.388857, 8.22136, 197.1558, 80.48285
-1.818183, 2.388857, 8.441893, 200.1495, 82.02385
-1.818183, 2.58203, 8.441893, 200.1495, 67.168
-1.574949, 2.58203, 8.193359, 218.1595, 64.93607
-1.574949, 2.388857, 8.193359, 218.1595, 80.28075
-1.841362, 2.388857, 8.22136, 197.1558, 80.48285
-1.841362, 2.58203, 8.22136, 197.1558, 65.19484
box4_Fairever(Clone) stack 37 Shelf_2 Rack_0_0_2
-1.572799, 2.775203, 8.1955, 218.3364, 49.6156
-1.83966, 2.775203, 8.218847, 197.2764, 49.87863
-1.820333, 2.775203, 8.439752, 199.9731, 52.28943
-1.553473, 2.775203, 8.416405, 220.443, 52.04111
-1.820333, 2.775203, 8.439752, 199.9731, 52.28943
-1.820333, 2.58203, 8.439752, 199.9731, 67.14938
-1.553473, 2.58203, 8.416405, 220.443, 66.94566
-1.553473, 2.775203, 8.416405, 220.443, 52.04111
-1.553473, 2.775203, 8.416405, 220.443, 52.04111
-1.553473, 2.58203, 8.416405, 220.443, 66.94566
-1.572799, 2.58203, 8.1955, 218.3364, 64.95593
-1.572799, 2.775203, 8.1955, 218.3364, 49.6156
-1.83966, 2.58203, 8.218847, 197.2764, 65.17169
-1.572799, 2.58203, 8.1955, 218.3364, 64.95593
-1.553473, 2.58203, 8.416405, 220.443, 66.94566
-1.820333, 2.58203, 8.439752, 199.9731, 67.14938
-1.83966, 2.775203, 8.218847, 197.2764, 49.87863
-1.83966, 2.58203, 8.218847, 197.2764, 65.17169
-1.820333, 2.58203, 8.439752, 199.9731, 67.14938
-1.820333, 2.775203, 8.439752, 199.9731, 52.28943
-1.572799, 2.775203, 8.1955, 218.3364, 49.6156
-1.572799, 2.58203, 8.1955, 218.3364, 64.95593
-1.83966, 2.58203, 8.218847, 197.2764, 65.17169
-1.83966, 2.775203, 8.218847, 197.2764, 49.87863
box_8_lizol(Clone) stack 38 Shelf_2 Rack_0_0_2
-1.216501, 2.591249, 8.243739, 246.5888, 64.67285
-1.453298, 2.591249, 8.252008, 227.9166, 64.74924
-1.445227, 2.591249, 8.483146, 228.8902, 66.81953
-1.20843, 2.591249, 8.474876, 247.0125, 66.74757
-1.445227, 2.591249, 8.483146, 228.8902, 66.81953
-1.445227, 2.389108, 8.483146, 228.8902, 82.28326
-1.20843, 2.389108, 8.474876, 247.0125, 82.22762
-1.20843, 2.591249, 8.474876, 247.0125, 66.74757
-1.20843, 2.591249, 8.474876, 247.0125, 66.74757
-1.20843, 2.389108, 8.474876, 247.0125, 82.22762
-1.216501, 2.389108, 8.243739, 246.5888, 80.62347
-1.216501, 2.591249, 8.243739, 246.5888, 64.67285
-1.453298, 2.389108, 8.252008, 227.9166, 80.68254
-1.216501, 2.389108, 8.243739, 246.5888, 80.62347
-1.20843, 2.389108, 8.474876, 247.0125, 82.22762
-1.445227, 2.389108, 8.483146, 228.8902, 82.28326
-1.453298, 2.591249, 8.252008, 227.9166, 64.74924
-1.453298, 2.389108, 8.252008, 227.9166, 80.68254
-1.445227, 2.389108, 8.483146, 228.8902, 82.28326
-1.445227, 2.591249, 8.483146, 228.8902, 66.81953
-1.216501, 2.591249, 8.243739, 246.5888, 64.67285
-1.216501, 2.389108, 8.243739, 246.5888, 80.62347
-1.453298, 2.389108, 8.252008, 227.9166, 80.68254
-1.453298, 2.591249, 8.252008, 227.9166, 64.74924
box_8_lizol(Clone) stack 38 Shelf_2 Rack_0_0_2
-1.22513, 2.793389, 8.236053, 245.9139, 48.63496
-1.460773, 2.793389, 8.26082, 227.3421, 48.91563
-1.436598, 2.793389, 8.490831, 229.5605, 51.43771
-1.200955, 2.793389, 8.466064, 247.5935, 51.17326
-1.436598, 2.793389, 8.490831, 229.5605, 51.43771
-1.436598, 2.591249, 8.490831, 229.5605, 66.88628
-1.200955, 2.591249, 8.466064, 247.5935, 66.67072
-1.200955, 2.793389, 8.466064, 247.5935, 51.17326
-1.200955, 2.793389, 8.466064, 247.5935, 51.17326
-1.200955, 2.591249, 8.466064, 247.5935, 66.67072
-1.22513, 2.591249, 8.236053, 245.9139, 64.6017
-1.22513, 2.793389, 8.236053, 245.9139, 48.63496
-1.460773, 2.591249, 8.26082, 227.3421, 64.83049
-1.22513, 2.591249, 8.236053, 245.9139, 64.6017
-1.200955, 2.591249, 8.466064, 247.5935, 66.67072
-1.436598, 2.591249, 8.490831, 229.5605, 66.88628
-1.460773, 2.793389, 8.26082, 227.3421, 48.91563
-1.460773, 2.591249, 8.26082, 227.3421, 64.83049
-1.436598, 2.591249, 8.490831, 229.5605, 66.88628
-1.436598, 2.793389, 8.490831, 229.5605, 51.43771
-1.22513, 2.793389, 8.236053, 245.9139, 48.63496
-1.22513, 2.591249, 8.236053, 245.9139, 64.6017
-1.460773, 2.591249, 8.26082, 227.3421, 64.83049
-1.460773, 2.793389, 8.26082, 227.3421, 48.91563
box_8_lizol(Clone) stack 38 Shelf_2 Rack_0_0_2
-1.202766, 2.99553, 8.258569, 247.6577, 32.9706
-1.438805, 2.99553, 8.237918, 229.0387, 32.6933
-1.458962, 2.99553, 8.468316, 227.8164, 35.70432
-1.222923, 2.99553, 8.488967, 245.892, 35.96558
-1.458962, 2.99553, 8.468316, 227.8164, 35.70432
-1.458962, 2.79339, 8.468316, 227.8164, 51.19734
-1.222923, 2.79339, 8.488967, 245.892, 51.41782
-1.222923, 2.99553, 8.488967, 245.892, 35.96558
-1.222923, 2.99553, 8.488967, 245.892, 35.96558
-1.222923, 2.79339, 8.488967, 245.892, 51.41782
-1.202766, 2.79339, 8.258569, 247.6577, 48.89015
-1.202766, 2.99553, 8.258569, 247.6577, 32.9706
-1.438805, 2.79339, 8.237918, 229.0387, 48.65611
-1.202766, 2.79339, 8.258569, 247.6577, 48.89015
-1.222923, 2.79339, 8.488967, 245.892, 51.41782
-1.458962, 2.79339, 8.468316, 227.8164, 51.19734
-1.438805, 2.99553, 8.237918, 229.0387, 32.6933
-1.438805, 2.79339, 8.237918, 229.0387, 48.65611
-1.458962, 2.79339, 8.468316, 227.8164, 51.19734
-1.458962, 2.99553, 8.468316, 227.8164, 35.70432
-1.202766, 2.99553, 8.258569, 247.6577, 32.9706
-1.202766, 2.79339, 8.258569, 247.6577, 48.89015
-1.438805, 2.79339, 8.237918, 229.0387, 48.65611
-1.438805, 2.99553, 8.237918, 229.0387, 32.6933
box_8_lizol(Clone) stack 38 Shelf_2 Rack_0_0_2
-1.202766, 3.19767, 8.258569, 247.6577, 17.05104
-1.438805, 3.19767, 8.237918, 229.0387, 16.73047
-1.458962, 3.19767, 8.468316, 227.8164, 20.21129
-1.222923, 3.19767, 8.488967, 245.892, 20.51331
-1.458962, 3.19767, 8.468316, 227.8164, 20.21129
-1.458962, 2.99553, 8.468316, 227.8164, 35.7043
-1.222923, 2.99553, 8.488967, 245.892, 35.96556
-1.222923, 3.19767, 8.488967, 245.892, 20.51331
-1.222923, 3.19767, 8.488967, 245.892, 20.51331
-1.222923, 2.99553, 8.488967, 245.892, 35.96556
-1.202766, 2.99553, 8.258569, 247.6577, 32.97058
-1.202766, 3.19767, 8.258569, 247.6577, 17.05104
-1.438805, 2.99553, 8.237918, 229.0387, 32.69328
-1.202766, 2.99553, 8.258569, 247.6577, 32.97058
-1.222923, 2.99553, 8.488967, 245.892, 35.96556
-1.458962, 2.99553, 8.468316, 227.8164, 35.7043
-1.438805, 3.19767, 8.237918, 229.0387, 16.73047
-1.438805, 2.99553, 8.237918, 229.0387, 32.69328
-1.458962, 2.99553, 8.468316, 227.8164, 35.7043
-1.458962, 3.19767, 8.468316, 227.8164, 20.21129
-1.202766, 3.19767, 8.258569, 247.6577, 17.05104
-1.202766, 2.99553, 8.258569, 247.6577, 32.97058
-1.438805, 2.99553, 8.237918, 229.0387, 32.69328
-1.438805, 3.19767, 8.237918, 229.0387, 16.73047
