box_6_melody(Clone) stack 27 Shelf_0 Rack_0_0_2
-2.465993, 0.2174101, 8.223333, 400.9324, 252.3038
-2.862507, 0.2174101, 8.188643, 370.1553, 252.8429
-2.88379, 0.2174101, 8.431906, 364.453, 249.1639
-2.487276, 0.2174101, 8.466597, 394.2988, 248.6578
-2.88379, 0.2174101, 8.431906, 364.453, 249.1639
-2.88379, 0.01984122, 8.431906, 364.453, 264.3773
-2.487276, 0.01984122, 8.466597, 394.2988, 263.8038
-2.487276, 0.2174101, 8.466597, 394.2988, 248.6578
-2.487276, 0.2174101, 8.466597, 394.2988, 248.6578
-2.487276, 0.01984122, 8.466597, 394.2988, 263.8038
-2.465993, 0.01984122, 8.223333, 400.9324, 267.9356
-2.465993, 0.2174101, 8.223333, 400.9324, 252.3038
-2.862507, 0.01984122, 8.188643, 370.1553, 268.5466
-2.465993, 0.01984122, 8.223333, 400.9324, 267.9356
-2.487276, 0.01984122, 8.466597, 394.2988, 263.8038
-2.88379, 0.01984122, 8.431906, 364.453, 264.3773
-2.862507, 0.2174101, 8.188643, 370.1553, 252.8429
-2.862507, 0.01984122, 8.188643, 370.1553, 268.5466
-2.88379, 0.01984122, 8.431906, 364.453, 264.3773
-2.88379, 0.2174101, 8.431906, 364.453, 249.1639
-2.465993, 0.2174101, 8.223333, 400.9324, 252.3038
-2.465993, 0.01984122, 8.223333, 400.9324, 267.9356
-2.862507, 0.01984122, 8.188643, 370.1553, 268.5466
-2.862507, 0.2174101, 8.188643, 370.1553, 252.8429
box_6_melody(Clone) stack 27 Shelf_0 Rack_0_0_2
-2.467845, 0.4149789, 8.219703, 400.8629, 236.7207
-2.864904, 0.4149789, 8.191938, 369.9081, 237.0947
-2.881938, 0.414979, 8.435535, 364.5376, 233.9044
-2.484879, 0.414979, 8.463301, 394.5476, 233.5534
-2.881938, 0.414979, 8.435535, 364.5376, 233.9044
-2.881938, 0.2174101, 8.435535, 364.5376, 249.1107
-2.484879, 0.2174101, 8.463301, 394.5476, 248.7057
-2.484879, 0.414979, 8.463301, 394.5476, 233.5534
-2.484879, 0.414979, 8.463301, 394.5476, 233.5534
-2.484879, 0.2174101, 8.463301, 394.5476, 248.7057
-2.467845, 0.2174101, 8.219703, 400.8629, 252.36
-2.467845, 0.4149789, 8.219703, 400.8629, 236.7207
-2.864904, 0.2174101, 8.191938, 369.9081, 252.7915
-2.467845, 0.2174101, 8.219703, 400.8629, 252.36
-2.484879, 0.2174101, 8.463301, 394.5476, 248.7057
-2.881938, 0.2174101, 8.435535, 364.5376, 249.1107
-2.864904, 0.4149789, 8.191938, 369.9081, 237.0947
-2.864904, 0.2174101, 8.191938, 369.9081, 252.7915
-2.881938, 0.2174101, 8.435535, 364.5376, 249.1107
-2.881938, 0.414979, 8.435535, 364.5376, 233.9044
-2.467845, 0.4149789, 8.219703, 400.8629, 236.7207
-2.467845, 0.2174101, 8.219703, 400.8629, 252.36
-2.864904, 0.2174101, 8.191938, 369.9081, 252.7915
-2.864904, 0.4149789, 8.191938, 369.9081, 237.0947
box_6_melody(Clone) stack 27 Shelf_0 Rack_0_0_2
-2.465993, 0.6125478, 8.223333, 400.9324, 221.0402
-2.862507, 0.6125478, 8.188643, 370.1553, 221.4356
-2.88379, 0.6125478, 8.431906, 364.453, 218.7371
-2.487276, 0.6125478, 8.466597, 394.2988, 218.3659
-2.88379, 0.6125478, 8.431906, 364.453, 218.7371
-2.88379, 0.4149789, 8.431906, 364.453, 233.9505
-2.487276, 0.4149789, 8.466597, 394.2988, 233.5119
-2.487276, 0.6125478, 8.466597, 394.2988, 218.3659
-2.487276, 0.6125478, 8.466597, 394.2988, 218.3659
-2.487276, 0.4149789, 8.466597, 394.2988, 233.5119
-2.465993, 0.4149789, 8.223333, 400.9324, 236.672
-2.465993, 0.6125478, 8.223333, 400.9324, 221.0402
-2.862507, 0.4149789, 8.188643, 370.1553, 237.1393
-2.465993, 0.4149789, 8.223333, 400.9324, 236.672
-2.487276, 0.4149789, 8.466597, 394.2988, 233.5119
-2.88379, 0.4149789, 8.431906, 364.453, 233.9505
-2.862507, 0.6125478, 8.188643, 370.1553, 221.4356
-2.862507, 0.4149789, 8.188643, 370.1553, 237.1393
-2.88379, 0.4149789, 8.431906, 364.453, 233.9505
-2.88379, 0.6125478, 8.431906, 364.453, 218.7371
-2.465993, 0.6125478, 8.223333, 400.9324, 221.0402
-2.465993, 0.4149789, 8.223333, 400.9324, 236.672
-2.862507, 0.4149789, 8.188643, 370.1553, 237.1393
-2.862507, 0.6125478, 8.188643, 370.1553, 221.4356
box_6_melody(Clone) stack 27 Shelf_0 Rack_0_0_2
-2.478039, 0.8101166, 8.202068, 400.4292, 205.6064
-2.876006, 0.8101166, 8.209015, 368.7349, 205.5415
-2.871744, 0.8101166, 8.453171, 365.0393, 203.3372
-2.473777, 0.8101166, 8.446224, 395.739, 203.398
-2.871744, 0.8101166, 8.453171, 365.0393, 203.3372
-2.871744, 0.6125478, 8.453171, 365.0393, 218.5092
-2.473777, 0.6125478, 8.446224, 395.739, 218.5835
-2.473777, 0.8101166, 8.446224, 395.739, 203.398
-2.473777, 0.8101166, 8.446224, 395.739, 203.398
-2.473777, 0.6125478, 8.446224, 395.739, 218.5835
-2.478039, 0.6125478, 8.202068, 400.4292, 221.2821
-2.478039, 0.8101166, 8.202068, 400.4292, 205.6064
-2.876006, 0.6125478, 8.209015, 368.7349, 221.203
-2.478039, 0.6125478, 8.202068, 400.4292, 221.2821
-2.473777, 0.6125478, 8.446224, 395.739, 218.5835
-2.871744, 0.6125478, 8.453171, 365.0393, 218.5092
-2.876006, 0.8101166, 8.209015, 368.7349, 205.5415
-2.876006, 0.6125478, 8.209015, 368.7349, 221.203
-2.871744, 0.6125478, 8.453171, 365.0393, 218.5092
-2.871744, 0.8101166, 8.453171, 365.0393, 203.3372
-2.478039, 0.8101166, 8.202068, 400.4292, 205.6064
-2.478039, 0.6125478, 8.202068, 400.4292, 221.2821
-2.876006, 0.6125478, 8.209015, 368.7349, 221.203
-2.876006, 0.8101166, 8.209015, 368.7349, 205.5415
box_2_Parle-G(Clone) stack 28 Shelf_0 Rack_0_0_2
-2.043067, 0.331018, 8.277334, 433.0202, 242.5492
-2.356251, 0.331018, 8.304734, 407.814, 242.1647
-2.34169, 0.331018, 8.471165, 405.3632, 239.8872
-2.028507, 0.331018, 8.443765, 430.0232, 240.2555
-2.34169, 0.331018, 8.471165, 405.3632, 239.8872
-2.34169, 0.01929341, 8.471165, 405.3632, 263.7706
-2.028507, 0.01929341, 8.443765, 430.0232, 264.2228
-2.028507, 0.331018, 8.443765, 430.0232, 240.2555
-2.028507, 0.331018, 8.443765, 430.0232, 240.2555
-2.028507, 0.01929341, 8.443765, 430.0232, 264.2228
-2.043067, 0.01929341, 8.277334, 433.0202, 267.0388
-2.043067, 0.331018, 8.277334, 433.0202, 242.5492
-2.356251, 0.01929341, 8.304734, 407.814, 266.5667
-2.043067, 0.01929341, 8.277334, 433.0202, 267.0388
-2.028507, 0.01929341, 8.443765, 430.0232, 264.2228
-2.34169, 0.01929341, 8.471165, 405.3632, 263.7706
-2.356251, 0.331018, 8.304734, 407.814, 242.1647
-2.356251, 0.01929341, 8.304734, 407.814, 266.5667
-2.34169, 0.01929341, 8.471165, 405.3632, 263.7706
-2.34169, 0.331018, 8.471165, 405.3632, 239.8872
-2.043067, 0.331018, 8.277334, 433.0202, 242.5492
-2.043067, 0.01929341, 8.277334, 433.0202, 267.0388
-2.356251, 0.01929341, 8.304734, 407.814, 266.5667
-2.356251, 0.331018, 8.304734, 407.814, 242.1647
box_2_Parle-G(Clone) stack 28 Shelf_0 Rack_0_0_2
-2.028507, 0.6427426, 8.304734, 433.47, 217.7628
-2.34169, 0.6427426, 8.277334, 409.56, 218.0597
-2.356251, 0.6427426, 8.443765, 404.8242, 216.2883
-2.043067, 0.6427426, 8.471165, 428.2427, 216.0038
-2.356251, 0.6427426, 8.443765, 404.8242, 216.2883
-2.356251, 0.331018, 8.443765, 404.8242, 240.2555
-2.043067, 0.331018, 8.471165, 428.2427, 239.8872
-2.043067, 0.6427426, 8.471165, 428.2427, 216.0038
-2.043067, 0.6427426, 8.471165, 428.2427, 216.0038
-2.043067, 0.331018, 8.471165, 428.2427, 239.8872
-2.028507, 0.331018, 8.304734, 433.47, 242.1647
-2.028507, 0.6427426, 8.304734, 433.47, 217.7628
-2.34169, 0.331018, 8.277334, 409.56, 242.5492
-2.028507, 0.331018, 8.304734, 433.47, 242.1647
-2.043067, 0.331018, 8.471165, 428.2427, 239.8872
-2.356251, 0.331018, 8.443765, 404.8242, 240.2555
-2.34169, 0.6427426, 8.277334, 409.56, 218.0597
-2.34169, 0.331018, 8.277334, 409.56, 242.5492
-2.356251, 0.331018, 8.443765, 404.8242, 240.2555
-2.356251, 0.6427426, 8.443765, 404.8242, 216.2883
-2.028507, 0.6427426, 8.304734, 433.47, 217.7628
-2.028507, 0.331018, 8.304734, 433.47, 242.1647
-2.34169, 0.331018, 8.277334, 409.56, 242.5492
-2.34169, 0.6427426, 8.277334, 409.56, 218.0597
box_2_Parle-G(Clone) stack 28 Shelf_0 Rack_0_0_2
-2.029745, 0.9544672, 8.301885, 433.445, 193.3825
-2.343359, 0.9544672, 8.279955, 409.3707, 193.55
-2.355012, 0.9544672, 8.446614, 404.8593, 192.3001
-2.041399, 0.9544672, 8.468544, 428.4336, 192.1396
-2.355012, 0.9544672, 8.446614, 404.8593, 192.3001
-2.355012, 0.6427426, 8.446614, 404.8593, 216.2586
-2.041399, 0.6427426, 8.468544, 428.4336, 216.031
-2.041399, 0.9544672, 8.468544, 428.4336, 192.1396
-2.041399, 0.9544672, 8.468544, 428.4336, 192.1396
-2.041399, 0.6427426, 8.468544, 428.4336, 216.031
-2.029745, 0.6427426, 8.301885, 433.445, 217.7935
-2.029745, 0.9544672, 8.301885, 433.445, 193.3825
-2.343359, 0.6427426, 8.279955, 409.3707, 218.0312
-2.029745, 0.6427426, 8.301885, 433.445, 217.7935
-2.041399, 0.6427426, 8.468544, 428.4336, 216.031
-2.355012, 0.6427426, 8.446614, 404.8593, 216.2586
-2.343359, 0.9544672, 8.279955, 409.3707, 193.55
-2.343359, 0.6427426, 8.279955, 409.3707, 218.0312
-2.355012, 0.6427426, 8.446614, 404.8593, 216.2586
-2.355012, 0.9544672, 8.446614, 404.8593, 192.3001
-2.029745, 0.9544672, 8.301885, 433.445, 193.3825
-2.029745, 0.6427426, 8.301885, 433.445, 217.7935
-2.343359, 0.6427426, 8.279955, 409.3707, 218.0312
-2.343359, 0.9544672, 8.279955, 409.3707, 193.55
box_2_Parle-G(Clone) stack 29 Shelf_0 Rack_0_0_2
-1.59582, 0.2848746, 8.323089, 466.7978, 245.5122
-1.97099, 0.2848746, 8.329638, 437.3313, 245.4181
-1.968222, 0.2848746, 8.488244, 433.555, 243.1866
-1.593052, 0.2848746, 8.481695, 462.4225, 243.277
-1.968222, 0.2848746, 8.488244, 433.555, 243.1866
-1.968222, 0.01939823, 8.488244, 433.555, 263.4824
-1.593052, 0.01939823, 8.481695, 462.4225, 263.5897
-1.593052, 0.2848746, 8.481695, 462.4225, 243.277
-1.593052, 0.2848746, 8.481695, 462.4225, 243.277
-1.593052, 0.01939823, 8.481695, 462.4225, 263.5897
-1.59582, 0.01939821, 8.323089, 466.7978, 266.2442
-1.59582, 0.2848746, 8.323089, 466.7978, 245.5122
-1.97099, 0.01939821, 8.329638, 437.3313, 266.1325
-1.59582, 0.01939821, 8.323089, 466.7978, 266.2442
-1.593052, 0.01939823, 8.481695, 462.4225, 263.5897
-1.968222, 0.01939823, 8.488244, 433.555, 263.4824
-1.97099, 0.2848746, 8.329638, 437.3313, 245.4181
-1.97099, 0.01939821, 8.329638, 437.3313, 266.1325
-1.968222, 0.01939823, 8.488244, 433.555, 263.4824
-1.968222, 0.2848746, 8.488244, 433.555, 243.1866
-1.59582, 0.2848746, 8.323089, 466.7978, 245.5122
-1.59582, 0.01939821, 8.323089, 466.7978, 266.2442
-1.97099, 0.01939821, 8.329638, 437.3313, 266.1325
-1.97099, 0.2848746, 8.329638, 437.3313, 245.4181
box_6_melody(Clone) stack 30 Shelf_1 Rack_0_0_2
-2.607086, 1.427973, 8.226626, 389.704, 156.5137
-2.894042, 1.427973, 8.241666, 366.7583, 156.4711
-2.881934, 1.427973, 8.472711, 363.9468, 155.8378
-2.594978, 1.427973, 8.457671, 386.2089, 155.8779
-2.881934, 1.427973, 8.472711, 363.9468, 155.8378
-2.881934, 1.204414, 8.472711, 363.9468, 172.9628
-2.594978, 1.204414, 8.457671, 386.2089, 173.0358
-2.594978, 1.427973, 8.457671, 386.2089, 155.8779
-2.594978, 1.427973, 8.457671, 386.2089, 155.8779
-2.594978, 1.204414, 8.457671, 386.2089, 173.0358
-2.607086, 1.204414, 8.226626, 389.704, 174.1942
-2.607086, 1.427973, 8.226626, 389.704, 156.5137
-2.894042, 1.204414, 8.241666, 366.7583, 174.1167
-2.607086, 1.204414, 8.226626, 389.704, 174.1942
-2.594978, 1.204414, 8.457671, 386.2089, 173.0358
-2.881934, 1.204414, 8.472711, 363.9468, 172.9628
-2.894042, 1.427973, 8.241666, 366.7583, 156.4711
-2.894042, 1.204414, 8.241666, 366.7583, 174.1167
-2.881934, 1.204414, 8.472711, 363.9468, 172.9628
-2.881934, 1.427973, 8.472711, 363.9468, 155.8378
-2.607086, 1.427973, 8.226626, 389.704, 156.5137
-2.607086, 1.204414, 8.226626, 389.704, 174.1942
-2.894042, 1.204414, 8.241666, 366.7583, 174.1167
-2.894042, 1.427973, 8.241666, 366.7583, 156.4711
box_6_melody(Clone) stack 30 Shelf_1 Rack_0_0_2
-2.598838, 1.651532, 8.236512, 390.1606, 138.8282
-2.886144, 1.651532, 8.231498, 367.5524, 138.8307
-2.890182, 1.651532, 8.462824, 363.4708, 138.7174
-2.602876, 1.651532, 8.467839, 385.4136, 138.715
-2.890182, 1.651532, 8.462824, 363.4708, 138.7174
-2.890182, 1.427973, 8.462824, 363.4708, 155.8641
-2.602876, 1.427973, 8.467839, 385.4136, 155.8507
-2.602876, 1.651532, 8.467839, 385.4136, 138.715
-2.602876, 1.651532, 8.467839, 385.4136, 138.715
-2.602876, 1.427973, 8.467839, 385.4136, 155.8507
-2.598838, 1.427973, 8.236513, 390.1606, 156.4857
-2.598838, 1.651532, 8.236512, 390.1606, 138.8282
-2.886144, 1.427973, 8.231498, 367.5524, 156.4999
-2.598838, 1.427973, 8.236513, 390.1606, 156.4857
-2.602876, 1.427973, 8.467839, 385.4136, 155.8507
-2.890182, 1.427973, 8.462824, 363.4708, 155.8641
-2.886144, 1.651532, 8.231498, 367.5524, 138.8307
-2.886144, 1.427973, 8.231498, 367.5524, 156.4999
-2.890182, 1.427973, 8.462824, 363.4708, 155.8641
-2.890182, 1.651532, 8.462824, 363.4708, 138.7174
-2.598838, 1.651532, 8.236512, 390.1606, 138.8282
-2.598838, 1.427973, 8.236513, 390.1606, 156.4857
-2.886144, 1.427973, 8.231498, 367.5524, 156.4999
-2.886144, 1.651532, 8.231498, 367.5524, 138.8307
box_6_melody(Clone) stack 30 Shelf_1 Rack_0_0_2
-2.594978, 1.875092, 8.241666, 390.3635, 121.18
-2.881934, 1.875092, 8.226626, 367.9672, 121.1526
-2.894042, 1.875092, 8.457671, 363.2559, 121.5619
-2.607086, 1.875092, 8.472711, 385.0006, 121.5877
-2.894042, 1.875092, 8.457671, 363.2559, 121.5619
-2.894042, 1.651532, 8.457671, 363.2559, 138.7198
-2.607086, 1.651532, 8.472711, 385.0006, 138.7127
-2.607086, 1.875092, 8.472711, 385.0006, 121.5877
-2.607086, 1.875092, 8.472711, 385.0006, 121.5877
-2.607086, 1.651532, 8.472711, 385.0006, 138.7127
-2.594978, 1.651532, 8.241666, 390.3635, 138.8255
-2.594978, 1.875092, 8.241666, 390.3635, 121.18
-2.881934, 1.651532, 8.226626, 367.9672, 138.8331
-2.594978, 1.651532, 8.241666, 390.3635, 138.8255
-2.607086, 1.651532, 8.472711, 385.0006, 138.7127
-2.894042, 1.651532, 8.457671, 363.2559, 138.7198
-2.881934, 1.875092, 8.226626, 367.9672, 121.1526
-2.881934, 1.651532, 8.226626, 367.9672, 138.8331
-2.894042, 1.651532, 8.457671, 363.2559, 138.7198
-2.894042, 1.875092, 8.457671, 363.2559, 121.5619
-2.594978, 1.875092, 8.241666, 390.3635, 121.18
-2.594978, 1.651532, 8.241666, 390.3635, 138.8255
-2.881934, 1.651532, 8.226626, 367.9672, 138.8331
-2.881934, 1.875092, 8.226626, 367.9672, 121.1526
box_6_melody(Clone) stack 30 Shelf_1 Rack_0_0_2
-2.593116, 2.098651, 8.244291, 390.4585, 103.5453
-2.879766, 2.098651, 8.224247, 368.1789, 103.4622
-2.895905, 2.098651, 8.455046, 363.1544, 104.3936
-2.609255, 2.098651, 8.47509, 384.7906, 104.4719
-2.895905, 2.098651, 8.455046, 363.1544, 104.3936
-2.895905, 1.875092, 8.455046, 363.1544, 121.5574
-2.609255, 1.875092, 8.47509, 384.7906, 121.5917
-2.609255, 2.098651, 8.47509, 384.7906, 104.4719
-2.609255, 2.098651, 8.47509, 384.7906, 104.4719
-2.609255, 1.875092, 8.47509, 384.7906, 121.5917
-2.593116, 1.875092, 8.244291, 390.4585, 121.1848
-2.593116, 2.098651, 8.244291, 390.4585, 103.5453
-2.879766, 1.875092, 8.224247, 368.1789, 121.1483
-2.593116, 1.875092, 8.244291, 390.4585, 121.1848
-2.609255, 1.875092, 8.47509, 384.7906, 121.5917
-2.895905, 1.875092, 8.455046, 363.1544, 121.5574
-2.879766, 2.098651, 8.224247, 368.1789, 103.4622
-2.879766, 1.875092, 8.224247, 368.1789, 121.1483
-2.895905, 1.875092, 8.455046, 363.1544, 121.5574
-2.895905, 2.098651, 8.455046, 363.1544, 104.3936
-2.593116, 2.098651, 8.244291, 390.4585, 103.5453
-2.593116, 1.875092, 8.244291, 390.4585, 121.1848
-2.879766, 1.875092, 8.224247, 368.1789, 121.1483
-2.879766, 2.098651, 8.224247, 368.1789, 103.4622
box4_Fairever(Clone) stack 31 Shelf_1 Rack_0_0_2
-2.237472, 1.390992, 8.218204, 419.1344, 159.4655
-2.527221, 1.390992, 8.187751, 396.8239, 159.5642
-2.550889, 1.390992, 8.412935, 390.4537, 158.8526
-2.26114, 1.390992, 8.443389, 412.1452, 158.7595
-2.550889, 1.390992, 8.412935, 390.4537, 158.8526
-2.550889, 1.204274, 8.412935, 390.4537, 173.2655
-2.26114, 1.204274, 8.443389, 412.1452, 173.1162
-2.26114, 1.390992, 8.443389, 412.1452, 158.7595
-2.26114, 1.390992, 8.443389, 412.1452, 158.7595
-2.26114, 1.204274, 8.443389, 412.1452, 173.1162
-2.237472, 1.204274, 8.218204, 419.1344, 174.2488
-2.237472, 1.390992, 8.218204, 419.1344, 159.4655
-2.527221, 1.204274, 8.187751, 396.8239, 174.4072
-2.237472, 1.204274, 8.218204, 419.1344, 174.2488
-2.26114, 1.204274, 8.443389, 412.1452, 173.1162
-2.550889, 1.204274, 8.412935, 390.4537, 173.2655
-2.527221, 1.390992, 8.187751, 396.8239, 159.5642
-2.527221, 1.204274, 8.187751, 396.8239, 174.4072
-2.550889, 1.204274, 8.412935, 390.4537, 173.2655
-2.550889, 1.390992, 8.412935, 390.4537, 158.8526
-2.237472, 1.390992, 8.218204, 419.1344, 159.4655
-2.237472, 1.204274, 8.218204, 419.1344, 174.2488
-2.527221, 1.204274, 8.187751, 396.8239, 174.4072
-2.527221, 1.390992, 8.187751, 396.8239, 159.5642
box4_Fairever(Clone) stack 31 Shelf_1 Rack_0_0_2
-2.235796, 1.577711, 8.220955, 419.202, 144.6787
-2.52497, 1.577711, 8.185449, 397.0507, 144.7242
-2.552564, 1.577711, 8.410185, 390.3776, 144.443
-2.263391, 1.577711, 8.445691, 411.9214, 144.4
-2.552564, 1.577711, 8.410185, 390.3776, 144.443
-2.552564, 1.390992, 8.410185, 390.3776, 158.861
-2.263391, 1.390992, 8.445691, 411.9214, 158.7525
-2.263391, 1.577711, 8.445691, 411.9214, 144.4
-2.263391, 1.577711, 8.445691, 411.9214, 144.4
-2.263391, 1.390992, 8.445691, 411.9214, 158.7525
-2.235796, 1.390992, 8.220955, 419.202, 159.4566
-2.235796, 1.577711, 8.220955, 419.202, 144.6787
-2.52497, 1.390992, 8.185449, 397.0507, 159.5717
-2.235796, 1.390992, 8.220955, 419.202, 159.4566
-2.263391, 1.390992, 8.445691, 411.9214, 158.7525
-2.552564, 1.390992, 8.410185, 390.3776, 158.861
-2.52497, 1.577711, 8.185449, 397.0507, 144.7242
-2.52497, 1.390992, 8.185449, 397.0507, 159.5717
-2.552564, 1.390992, 8.410185, 390.3776, 158.861
-2.552564, 1.577711, 8.410185, 390.3776, 144.443
-2.235796, 1.577711, 8.220955, 419.202, 144.6787
-2.235796, 1.390992, 8.220955, 419.202, 159.4566
-2.52497, 1.390992, 8.185449, 397.0507, 159.5717
-2.52497, 1.577711, 8.185449, 397.0507, 144.7242
box4_Fairever(Clone) stack 31 Shelf_1 Rack_0_0_2
-2.25676, 1.764429, 8.192472, 418.2124, 129.8815
-2.547395, 1.764429, 8.212795, 394.7068, 129.8953
-2.531601, 1.764429, 8.438668, 391.4412, 130.0431
-2.240965, 1.764429, 8.418344, 414.2557, 130.0302
-2.531601, 1.764429, 8.438668, 391.4412, 130.0431
-2.531601, 1.577711, 8.438668, 391.4412, 144.4085
-2.240965, 1.577711, 8.418344, 414.2557, 144.4331
-2.240965, 1.764429, 8.418344, 414.2557, 130.0302
-2.240965, 1.764429, 8.418344, 414.2557, 130.0302
-2.240965, 1.577711, 8.418344, 414.2557, 144.4331
-2.25676, 1.577711, 8.192472, 418.2124, 144.7152
-2.25676, 1.764429, 8.192472, 418.2124, 129.8815
-2.547395, 1.577711, 8.212795, 394.7068, 144.6891
-2.25676, 1.577711, 8.192472, 418.2124, 144.7152
-2.240965, 1.577711, 8.418344, 414.2557, 144.4331
-2.531601, 1.577711, 8.438668, 391.4412, 144.4085
-2.547395, 1.764429, 8.212795, 394.7068, 129.8953
-2.547395, 1.577711, 8.212795, 394.7068, 144.6891
-2.531601, 1.577711, 8.438668, 391.4412, 144.4085
-2.531601, 1.764429, 8.438668, 391.4412, 130.0431
-2.25676, 1.764429, 8.192472, 418.2124, 129.8815
-2.25676, 1.577711, 8.192472, 418.2124, 144.7152
-2.547395, 1.577711, 8.212795, 394.7068, 144.6891
-2.547395, 1.764429, 8.212795, 394.7068, 129.8953
box4_Fairever(Clone) stack 31 Shelf_1 Rack_0_0_2
-2.244645, 1.951147, 8.20751, 418.8187, 115.0875
-2.535813, 1.951147, 8.197343, 395.9427, 115.0607
-2.543715, 1.951147, 8.423629, 390.7999, 115.6404
-2.252548, 1.951147, 8.433797, 413.0186, 115.6656
-2.543715, 1.951147, 8.423629, 390.7999, 115.6404
-2.543715, 1.764429, 8.423629, 390.7999, 130.0335
-2.252548, 1.764429, 8.433797, 413.0186, 130.04
-2.252548, 1.951147, 8.433797, 413.0186, 115.6656
-2.252548, 1.951147, 8.433797, 413.0186, 115.6656
-2.252548, 1.764429, 8.433797, 413.0186, 130.04
-2.244645, 1.764429, 8.207511, 418.8187, 129.8917
-2.244645, 1.951147, 8.20751, 418.8187, 115.0875
-2.535813, 1.764429, 8.197343, 395.9427, 129.8848
-2.244645, 1.764429, 8.207511, 418.8187, 129.8917
-2.252548, 1.764429, 8.433797, 413.0186, 130.04
-2.543715, 1.764429, 8.423629, 390.7999, 130.0335
-2.535813, 1.951147, 8.197343, 395.9427, 115.0607
-2.535813, 1.764429, 8.197343, 395.9427, 129.8848
-2.543715, 1.764429, 8.423629, 390.7999, 130.0335
-2.543715, 1.951147, 8.423629, 390.7999, 115.6404
-2.244645, 1.951147, 8.20751, 418.8187, 115.0875
-2.244645, 1.764429, 8.207511, 418.8187, 129.8917
-2.535813, 1.764429, 8.197343, 395.9427, 129.8848
-2.535813, 1.951147, 8.197343, 395.9427, 115.0607
box_5_LMRR(Clone) stack 32 Shelf_1 Rack_0_0_2
-1.753365, 1.376281, 8.246682, 456.6491, 160.5343
-2.137556, 1.376281, 8.199509, 427.5077, 160.6937
-2.172657, 1.376281, 8.485383, 417.9908, 159.7574
-1.788466, 1.376281, 8.532557, 446.1335, 159.6095
-2.172657, 1.376281, 8.485383, 417.9908, 159.7574
-2.172657, 1.204434, 8.485383, 417.9908, 172.8999
-1.788466, 1.204434, 8.532557, 446.1335, 172.6734
-1.788466, 1.376281, 8.532557, 446.1335, 159.6095
-1.788466, 1.376281, 8.532557, 446.1335, 159.6095
-1.788466, 1.204434, 8.532557, 446.1335, 172.6734
-1.753365, 1.204434, 8.246682, 456.6491, 174.0892
-1.753365, 1.376281, 8.246682, 456.6491, 160.5343
-2.137556, 1.204434, 8.199509, 427.5077, 174.3332
-1.753365, 1.204434, 8.246682, 456.6491, 174.0892
-1.788466, 1.204434, 8.532557, 446.1335, 172.6734
-2.172657, 1.204434, 8.485383, 417.9908, 172.8999
-2.137556, 1.376281, 8.199509, 427.5077, 160.6937
-2.137556, 1.204434, 8.199509, 427.5077, 174.3332
-2.172657, 1.204434, 8.485383, 417.9908, 172.8999
-2.172657, 1.376281, 8.485383, 417.9908, 159.7574
-1.753365, 1.376281, 8.246682, 456.6491, 160.5343
-1.753365, 1.204434, 8.246682, 456.6491, 174.0892
-2.137556, 1.204434, 8.199509, 427.5077, 174.3332
-2.137556, 1.376281, 8.199509, 427.5077, 160.6937
box_5_LMRR(Clone) stack 32 Shelf_1 Rack_0_0_2
-1.769473, 1.548127, 8.222022, 456.0791, 147.0184
-2.156549, 1.548127, 8.222022, 425.448, 147.0184
-2.156549, 1.548127, 8.510043, 418.6611, 146.5786
-1.769473, 1.548127, 8.510043, 448.1712, 146.5786
-2.156549, 1.548127, 8.510043, 418.6611, 146.5786
-2.156549, 1.376281, 8.510043, 418.6611, 159.6799
-1.769473, 1.376281, 8.510043, 448.1712, 159.6799
-1.769473, 1.548127, 8.510043, 448.1712, 146.5786
-1.769473, 1.548127, 8.510043, 448.1712, 146.5786
-1.769473, 1.376281, 8.510043, 448.1712, 159.6799
-1.769473, 1.376281, 8.222022, 456.0791, 160.6174
-1.769473, 1.548127, 8.222022, 456.0791, 147.0184
-2.156549, 1.376281, 8.222022, 425.448, 160.6174
-1.769473, 1.376281, 8.222022, 456.0791, 160.6174
-1.769473, 1.376281, 8.510043, 448.1712, 159.6799
-2.156549, 1.376281, 8.510043, 418.6611, 159.6799
-2.156549, 1.548127, 8.222022, 425.448, 147.0184
-2.156549, 1.376281, 8.222022, 425.448, 160.6174
-2.156549, 1.376281, 8.510043, 418.6611, 159.6799
-2.156549, 1.548127, 8.510043, 418.6611, 146.5786
-1.769473, 1.548127, 8.222022, 456.0791, 147.0184
-1.769473, 1.376281, 8.222022, 456.0791, 160.6174
-2.156549, 1.376281, 8.222022, 425.448, 160.6174
-2.156549, 1.548127, 8.222022, 425.448, 147.0184
box_5_LMRR(Clone) stack 33 Shelf_1 Rack_0_0_2
-1.690086, 1.364677, 8.200662, 462.9895, 161.6106
-1.722399, 1.364677, 8.463834, 453.0107, 160.7155
-1.473838, 1.364677, 8.494353, 471.1708, 160.6156
-1.722399, 1.364677, 8.463834, 453.0107, 160.7155
-1.722399, 1.204445, 8.463834, 453.0107, 173.0035
-1.473838, 1.204445, 8.494353, 471.1708, 172.8558
-1.473838, 1.364677, 8.494353, 471.1708, 160.6156
-1.473838, 1.364677, 8.494353, 471.1708, 160.6156
-1.473838, 1.204445, 8.494353, 471.1708, 172.8558
-1.690086, 1.204445, 8.200662, 462.9895, 174.3263
-1.473838, 1.204445, 8.494353, 471.1708, 172.8558
-1.722399, 1.204445, 8.463834, 453.0107, 173.0035
-1.690086, 1.364677, 8.200662, 462.9895, 161.6106
-1.690086, 1.204445, 8.200662, 462.9895, 174.3263
-1.722399, 1.204445, 8.463834, 453.0107, 173.0035
-1.722399, 1.364677, 8.463834, 453.0107, 160.7155
-1.690086, 1.204445, 8.200662, 462.9895, 174.3263
-1.690086, 1.364677, 8.200662, 462.9895, 161.6106
box_5_LMRR(Clone) stack 33 Shelf_1 Rack_0_0_2
-1.700066, 1.524909, 8.208562, 461.9656, 148.8804
-1.713943, 1.524909, 8.473347, 453.3997, 148.4112
-1.463858, 1.524909, 8.486453, 472.1667, 148.3888
-1.713943, 1.524909, 8.473347, 453.3997, 148.4112
-1.713943, 1.364677, 8.473347, 453.3997, 160.6843
-1.463858, 1.364677, 8.486453, 472.1667, 160.6414
-1.463858, 1.524909, 8.486453, 472.1667, 148.3888
-1.463858, 1.524909, 8.486453, 472.1667, 148.3888
-1.463858, 1.364677, 8.486453, 472.1667, 160.6414
-1.700066, 1.364677, 8.208562, 461.9656, 161.5828
-1.463858, 1.364677, 8.486453, 472.1667, 160.6414
-1.713943, 1.364677, 8.473347, 453.3997, 160.6843
-1.700066, 1.524909, 8.208562, 461.9656, 148.8804
-1.700066, 1.364677, 8.208562, 461.9656, 161.5828
-1.713943, 1.364677, 8.473347, 453.3997, 160.6843
-1.713943, 1.524909, 8.473347, 453.3997, 148.4112
-1.700066, 1.364677, 8.208562, 461.9656, 161.5828
-1.700066, 1.524909, 8.208562, 461.9656, 148.8804
box_5_LMRR(Clone) stack 33 Shelf_1 Rack_0_0_2
-1.702473, 1.685142, 8.210645, 461.7138, 136.1776
-1.711727, 1.685142, 8.475631, 453.5073, 136.1377
-1.461451, 1.685142, 8.48437, 472.4124, 136.1365
-1.711727, 1.685142, 8.475631, 453.5073, 136.1377
-1.711727, 1.524909, 8.475631, 453.5073, 148.4073
-1.461451, 1.524909, 8.48437, 472.4124, 148.3923
-1.461451, 1.685142, 8.48437, 472.4124, 136.1365
-1.461451, 1.685142, 8.48437, 472.4124, 136.1365
-1.461451, 1.524909, 8.48437, 472.4124, 148.3923
-1.702473, 1.524909, 8.210645, 461.7138, 148.8766
-1.461451, 1.524909, 8.48437, 472.4124, 148.3923
-1.711727, 1.524909, 8.475631, 453.5073, 148.4073
-1.702473, 1.685142, 8.210645, 461.7138, 136.1776
-1.702473, 1.524909, 8.210645, 461.7138, 148.8766
-1.711727, 1.524909, 8.475631, 453.5073, 148.4073
-1.711727, 1.685142, 8.475631, 453.5073, 136.1377
-1.702473, 1.524909, 8.210645, 461.7138, 148.8766
-1.702473, 1.685142, 8.210645, 461.7138, 136.1776
box_5_LMRR(Clone) stack 33 Shelf_1 Rack_0_0_2
-1.711727, 1.845374, 8.219384, 460.7256, 123.4919
-1.702473, 1.845374, 8.48437, 453.9772, 123.8806
-1.452198, 1.845374, 8.475631, 473.3802, 123.8682
-1.702473, 1.845374, 8.48437, 453.9772, 123.8806
-1.702473, 1.685142, 8.48437, 453.9772, 136.1365
-1.452198, 1.685142, 8.475631, 473.3802, 136.1378
-1.452198, 1.845374, 8.475631, 473.3802, 123.8682
-1.452198, 1.845374, 8.475631, 473.3802, 123.8682
-1.452198, 1.685142, 8.475631, 473.3802, 136.1378
-1.711727, 1.685142, 8.219384, 460.7256, 136.1762
-1.452198, 1.685142, 8.475631, 473.3802, 136.1378
-1.702473, 1.685142, 8.48437, 453.9772, 136.1365
-1.711727, 1.845374, 8.219384, 460.7256, 123.4919
-1.711727, 1.685142, 8.219384, 460.7256, 136.1762
-1.702473, 1.685142, 8.48437, 453.9772, 136.1365
-1.702473, 1.845374, 8.48437, 453.9772, 123.8806
-1.711727, 1.685142, 8.219384, 460.7256, 136.1762
-1.711727, 1.845374, 8.219384, 460.7256, 123.4919
box_5_LMRR(Clone) stack 33 Shelf_1 Rack_0_0_2
-1.720348, 2.005606, 8.228748, 459.7716, 110.8374
-1.692632, 2.005606, 8.492443, 454.5091, 111.6488
-1.443576, 2.005606, 8.466267, 474.3204, 111.5707
-1.692632, 2.005606, 8.492443, 454.5091, 111.6488
-1.692632, 1.845374, 8.492443, 454.5091, 123.8921
-1.443576, 1.845374, 8.466267, 474.3204, 123.8549
-1.443576, 2.005606, 8.466267, 474.3204, 111.5707
-1.443576, 2.005606, 8.466267, 474.3204, 111.5707
-1.443576, 1.845374, 8.466267, 474.3204, 123.8549
-1.720348, 1.845374, 8.228748, 459.7716, 123.5061
-1.443576, 1.845374, 8.466267, 474.3204, 123.8549
-1.692632, 1.845374, 8.492443, 454.5091, 123.8921
-1.720348, 2.005606, 8.228748, 459.7716, 110.8374
-1.720348, 1.845374, 8.228748, 459.7716, 123.5061
-1.692632, 1.845374, 8.492443, 454.5091, 123.8921
-1.692632, 2.005606, 8.492443, 454.5091, 111.6488
-1.720348, 1.845374, 8.228748, 459.7716, 123.5061
-1.720348, 2.005606, 8.228748, 459.7716, 110.8374
box_5_LMRR(Clone) stack 34 Shelf_2 Rack_0_0_2
-2.488664, 2.560091, 8.248526, 398.6117, 67.17413
-2.836147, 2.560091, 8.230315, 371.5244, 67.01141
-2.850105, 2.560091, 8.496664, 365.9996, 69.31628
-2.502623, 2.560091, 8.514874, 392.1835, 69.46817
-2.850105, 2.560091, 8.496664, 365.9996, 69.31628
-2.850105, 2.389029, 8.496664, 365.9996, 82.38007
-2.502623, 2.389029, 8.514874, 392.1835, 82.50174
-2.502623, 2.560091, 8.514874, 392.1835, 69.46817
-2.502623, 2.560091, 8.514874, 392.1835, 69.46817
-2.502623, 2.389029, 8.514874, 392.1835, 82.50174
-2.488664, 2.389029, 8.248526, 398.6117, 80.66396
-2.488664, 2.560091, 8.248526, 398.6117, 67.17413
-2.836147, 2.389029, 8.230315, 371.5244, 80.5336
-2.488664, 2.389029, 8.248526, 398.6117, 80.66396
-2.502623, 2.389029, 8.514874, 392.1835, 82.50174
-2.850105, 2.389029, 8.496664, 365.9996, 82.38007
-2.836147, 2.560091, 8.230315, 371.5244, 67.01141
-2.836147, 2.389029, 8.230315, 371.5244, 80.5336
-2.850105, 2.389029, 8.496664, 365.9996, 82.38007
-2.850105, 2.560091, 8.496664, 365.9996, 69.31628
-2.488664, 2.560091, 8.248526, 398.6117, 67.17413
-2.488664, 2.389029, 8.248526, 398.6117, 80.66396
-2.836147, 2.389029, 8.230315, 371.5244, 80.5336
-2.836147, 2.560091, 8.230315, 371.5244, 67.01141
box_5_LMRR(Clone) stack 34 Shelf_2 Rack_0_0_2
-2.488664, 2.731154, 8.248526, 398.6117, 53.6843
-2.836147, 2.731154, 8.230315, 371.5244, 53.48921
-2.850105, 2.731154, 8.496664, 365.9996, 56.25249
-2.502623, 2.731154, 8.514874, 392.1835, 56.4346
-2.850105, 2.731154, 8.496664, 365.9996, 56.25249
-2.850105, 2.560091, 8.496664, 365.9996, 69.31628
-2.502623, 2.560091, 8.514874, 392.1835, 69.46817
-2.502623, 2.731154, 8.514874, 392.1835, 56.4346
-2.502623, 2.731154, 8.514874, 392.1835, 56.4346
-2.502623, 2.560091, 8.514874, 392.1835, 69.46817
-2.488664, 2.560091, 8.248526, 398.6117, 67.17413
-2.488664, 2.731154, 8.248526, 398.6117, 53.6843
-2.836147, 2.560091, 8.230315, 371.5244, 67.01141
-2.488664, 2.560091, 8.248526, 398.6117, 67.17413
-2.502623, 2.560091, 8.514874, 392.1835, 69.46817
-2.850105, 2.560091, 8.496664, 365.9996, 69.31628
-2.836147, 2.731154, 8.230315, 371.5244, 53.48921
-2.836147, 2.560091, 8.230315, 371.5244, 67.01141
-2.850105, 2.560091, 8.496664, 365.9996, 69.31628
-2.850105, 2.731154, 8.496664, 365.9996, 56.25249
-2.488664, 2.731154, 8.248526, 398.6117, 53.6843
-2.488664, 2.560091, 8.248526, 398.6117, 67.17413
-2.836147, 2.560091, 8.230315, 371.5244, 67.01141
-2.836147, 2.731154, 8.230315, 371.5244, 53.48921
box_5_LMRR(Clone) stack 34 Shelf_2 Rack_0_0_2
-2.497759, 2.902217, 8.236221, 398.1503, 40.04088
-2.845665, 2.902217, 8.242294, 370.566, 40.11674
-2.841011, 2.902217, 8.508968, 366.4961, 43.33228
-2.493104, 2.902217, 8.502895, 393.1418, 43.26149
-2.841011, 2.902217, 8.508968, 366.4961, 43.33228
-2.841011, 2.731154, 8.508968, 366.4961, 56.37564
-2.493104, 2.731154, 8.502895, 393.1418, 56.3149
-2.493104, 2.902217, 8.502895, 393.1418, 43.26149
-2.493104, 2.902217, 8.502895, 393.1418, 43.26149
-2.493104, 2.731154, 8.502895, 393.1418, 56.3149
-2.497759, 2.731154, 8.236221, 398.1503, 53.55258
-2.497759, 2.902217, 8.236221, 398.1503, 40.04088
-2.845665, 2.731154, 8.242294, 370.566, 53.61763
-2.497759, 2.731154, 8.236221, 398.1503, 53.55258
-2.493104, 2.731154, 8.502895, 393.1418, 56.3149
-2.841011, 2.731154, 8.508968, 366.4961, 56.37564
-2.845665, 2.902217, 8.242294, 370.566, 40.11674
-2.845665, 2.731154, 8.242294, 370.566, 53.61763
-2.841011, 2.731154, 8.508968, 366.4961, 56.37564
-2.841011, 2.902217, 8.508968, 366.4961, 43.33228
-2.497759, 2.902217, 8.236221, 398.1503, 40.04088
-2.497759, 2.731154, 8.236221, 398.1503, 53.55258
-2.845665, 2.731154, 8.242294, 370.566, 53.61763
-2.845665, 2.902217, 8.242294, 370.566, 40.11674
box_5_LMRR(Clone) stack 34 Shelf_2 Rack_0_0_2
-2.510298, 3.07328, 8.221783, 397.4592, 26.32265
-2.856351, 3.07328, 8.258154, 369.4526, 26.84149
-2.828472, 3.07328, 8.523407, 367.2187, 30.48068
-2.482419, 3.07328, 8.487036, 394.2683, 29.99625
-2.828472, 3.07328, 8.523407, 367.2187, 30.48068
-2.828472, 2.902217, 8.523407, 367.2187, 43.50017
-2.482419, 2.902217, 8.487036, 394.2683, 43.07608
-2.482419, 3.07328, 8.487036, 394.2683, 29.99625
-2.482419, 3.07328, 8.487036, 394.2683, 29.99625
-2.482419, 2.902217, 8.487036, 394.2683, 43.07608
-2.510298, 2.902217, 8.221783, 397.4592, 39.86006
-2.510298, 3.07328, 8.221783, 397.4592, 26.32265
-2.856351, 2.902217, 8.258154, 369.4526, 40.31427
-2.510298, 2.902217, 8.221783, 397.4592, 39.86006
-2.482419, 2.902217, 8.487036, 394.2683, 43.07608
-2.828472, 2.902217, 8.523407, 367.2187, 43.50017
-2.856351, 3.07328, 8.258154, 369.4526, 26.84149
-2.856351, 2.902217, 8.258154, 369.4526, 40.31427
-2.828472, 2.902217, 8.523407, 367.2187, 43.50017
-2.828472, 3.07328, 8.523407, 367.2187, 30.48068
-2.510298, 3.07328, 8.221783, 397.4592, 26.32265
-2.510298, 2.902217, 8.221783, 397.4592, 39.86006
-2.856351, 2.902217, 8.258154, 369.4526, 40.31427
-2.856351, 3.07328, 8.258154, 369.4526, 26.84149
box_5_LMRR(Clone) stack 34 Shelf_2 Rack_0_0_2
-2.495405, 3.244343, 8.239238, 398.2733, 13.06595
-2.843364, 3.244343, 8.239238, 370.8001, 13.06595
-2.843364, 3.244343, 8.505952, 366.365, 17.20041
-2.495405, 3.244343, 8.505952, 392.9067, 17.20041
-2.843364, 3.244343, 8.505952, 366.365, 17.20041
-2.843364, 3.07328, 8.505952, 366.365, 30.24876
-2.495405, 3.07328, 8.505952, 392.9067, 30.24876
-2.495405, 3.244343, 8.505952, 392.9067, 17.20041
-2.495405, 3.244343, 8.505952, 392.9067, 17.20041
-2.495405, 3.07328, 8.505952, 392.9067, 30.24876
-2.495405, 3.07328, 8.239238, 398.2733, 26.57227
-2.495405, 3.244343, 8.239238, 398.2733, 13.06595
-2.843364, 3.07328, 8.239238, 370.8001, 26.57227
-2.495405, 3.07328, 8.239238, 398.2733, 26.57227
-2.495405, 3.07328, 8.505952, 392.9067, 30.24876
-2.843364, 3.07328, 8.505952, 366.365, 30.24876
-2.843364, 3.244343, 8.239238, 370.8001, 13.06595
-2.843364, 3.07328, 8.239238, 370.8001, 26.57227
-2.843364, 3.07328, 8.505952, 366.365, 30.24876
-2.843364, 3.244343, 8.505952, 366.365, 17.20041
-2.495405, 3.244343, 8.239238, 398.2733, 13.06595
-2.495405, 3.07328, 8.239238, 398.2733, 26.57227
-2.843364, 3.07328, 8.239238, 370.8001, 26.57227
-2.843364, 3.244343, 8.239238, 370.8001, 13.06595
box_8_lizol(Clone) stack 35 Shelf_2 Rack_0_0_2
-2.118879, 2.597163, 8.224973, 428.3557, 64.03104
-2.426971, 2.597163, 8.251927, 403.4037, 64.28235
-2.406538, 2.597163, 8.485476, 400.1021, 66.38751
-2.098446, 2.597163, 8.458522, 424.2973, 66.15097
-2.406538, 2.597163, 8.485476, 400.1021, 66.38751
-2.406538, 2.389106, 8.485476, 400.1021, 82.2991
-2.098446, 2.389106, 8.458522, 424.2973, 82.11742
-2.098446, 2.597163, 8.458522, 424.2973, 66.15097
-2.098446, 2.597163, 8.458522, 424.2973, 66.15097
-2.098446, 2.389106, 8.458522, 424.2973, 82.11742
-2.118879, 2.389106, 8.224973, 428.3557, 80.48911
-2.118879, 2.597163, 8.224973, 428.3557, 64.03104
-2.426971, 2.389106, 8.251927, 403.4037, 80.68214
-2.118879, 2.389106, 8.224973, 428.3557, 80.48911
-2.098446, 2.389106, 8.458522, 424.2973, 82.11742
-2.406538, 2.389106, 8.485476, 400.1021, 82.2991
-2.426971, 2.597163, 8.251927, 403.4037, 64.28235
-2.426971, 2.389106, 8.251927, 403.4037, 80.68214
-2.406538, 2.389106, 8.485476, 400.1021, 82.2991
-2.406538, 2.597163, 8.485476, 400.1021, 66.38751
-2.118879, 2.597163, 8.224973, 428.3557, 64.03104
-2.118879, 2.389106, 8.224973, 428.3557, 80.48911
-2.426971, 2.389106, 8.251927, 403.4037, 80.68214
-2.426971, 2.597163, 8.251927, 403.4037, 64.28235
box_8_lizol(Clone) stack 35 Shelf_2 Rack_0_0_2
-2.096668, 2.80522, 8.254809, 429.3677, 47.9155
-2.404243, 2.80522, 8.222483, 405.8367, 47.54422
-2.428749, 2.80522, 8.45564, 399.0081, 50.15321
-2.121174, 2.80522, 8.487967, 421.8683, 50.5027
-2.428749, 2.80522, 8.45564, 399.0081, 50.15321
-2.428749, 2.597163, 8.45564, 399.0081, 66.12556
-2.121174, 2.597163, 8.487967, 421.8683, 66.40927
-2.121174, 2.80522, 8.487967, 421.8683, 50.5027
-2.121174, 2.80522, 8.487967, 421.8683, 50.5027
-2.121174, 2.597163, 8.487967, 421.8683, 66.40927
-2.096668, 2.597163, 8.254809, 429.3677, 64.3091
-2.096668, 2.80522, 8.254809, 429.3677, 47.9155
-2.404243, 2.597163, 8.222483, 405.8367, 64.00774
-2.096668, 2.597163, 8.254809, 429.3677, 64.3091
-2.121174, 2.597163, 8.487967, 421.8683, 66.40927
-2.428749, 2.597163, 8.45564, 399.0081, 66.12556
-2.404243, 2.80522, 8.222483, 405.8367, 47.54422
-2.404243, 2.597163, 8.222483, 405.8367, 64.00774
-2.428749, 2.597163, 8.45564, 399.0081, 66.12556
-2.428749, 2.80522, 8.45564, 399.0081, 50.15321
-2.096668, 2.80522, 8.254809, 429.3677, 47.9155
-2.096668, 2.597163, 8.254809, 429.3677, 64.3091
-2.404243, 2.597163, 8.222483, 405.8367, 64.00774
-2.404243, 2.80522, 8.222483, 405.8367, 47.54422
box_8_lizol(Clone) stack 35 Shelf_2 Rack_0_0_2
-2.106051, 3.013277, 8.240721, 428.978, 31.33009
-2.415274, 3.013277, 8.235323, 404.685, 31.25641
-2.419365, 3.013277, 8.469728, 399.4412, 34.36229
-2.110143, 3.013277, 8.475126, 423.011, 34.43161
-2.419365, 3.013277, 8.469728, 399.4412, 34.36229
-2.419365, 2.80522, 8.469728, 399.4412, 50.30589
-2.110143, 2.80522, 8.475126, 423.011, 50.36424
-2.110143, 3.013277, 8.475126, 423.011, 34.43161
-2.110143, 3.013277, 8.475126, 423.011, 34.43161
-2.110143, 2.80522, 8.475126, 423.011, 50.36424
-2.106051, 2.80522, 8.240721, 428.978, 47.75407
-2.106051, 3.013277, 8.240721, 428.978, 31.33009
-2.415274, 2.80522, 8.235323, 404.685, 47.69206
-2.106051, 2.80522, 8.240721, 428.978, 47.75407
-2.110143, 2.80522, 8.475126, 423.011, 50.36424
-2.419365, 2.80522, 8.469728, 399.4412, 50.30589
-2.415274, 3.013277, 8.235323, 404.685, 31.25641
-2.415274, 2.80522, 8.235323, 404.685, 47.69206
-2.419365, 2.80522, 8.469728, 399.4412, 50.30589
-2.419365, 3.013277, 8.469728, 399.4412, 34.36229
-2.106051, 3.013277, 8.240721, 428.978, 31.33009
-2.106051, 2.80522, 8.240721, 428.978, 47.75407
-2.415274, 2.80522, 8.235323, 404.685, 47.69206
-2.415274, 3.013277, 8.235323, 404.685, 31.25641
box_8_lizol(Clone) stack 35 Shelf_2 Rack_0_0_2
-2.096668, 3.221334, 8.254809, 429.3677, 15.12828
-2.404243, 3.221334, 8.222483, 405.8367, 14.61725
-2.428749, 3.221334, 8.45564, 399.0081, 18.2085
-2.121174, 3.221334, 8.487967, 421.8683, 18.68958
-2.428749, 3.221334, 8.45564, 399.0081, 18.2085
-2.428749, 3.013277, 8.45564, 399.0081, 34.18086
-2.121174, 3.013277, 8.487967, 421.8683, 34.59615
-2.121174, 3.221334, 8.487967, 421.8683, 18.68958
-2.121174, 3.221334, 8.487967, 421.8683, 18.68958
-2.121174, 3.013277, 8.487967, 421.8683, 34.59615
-2.096668, 3.013277, 8.254809, 429.3677, 31.5219
-2.096668, 3.221334, 8.254809, 429.3677, 15.12828
-2.404243, 3.013277, 8.222483, 405.8367, 31.08073
-2.096668, 3.013277, 8.254809, 429.3677, 31.5219
-2.121174, 3.013277, 8.487967, 421.8683, 34.59615
-2.428749, 3.013277, 8.45564, 399.0081, 34.18086
-2.404243, 3.221334, 8.222483, 405.8367, 14.61725
-2.404243, 3.013277, 8.222483, 405.8367, 31.08073
-2.428749, 3.013277, 8.45564, 399.0081, 34.18086
-2.428749, 3.221334, 8.45564, 399.0081, 18.2085
-2.096668, 3.221334, 8.254809, 429.3677, 15.12828
-2.096668, 3.013277, 8.254809, 429.3677, 31.5219
-2.404243, 3.013277, 8.222483, 405.8367, 31.08073
-2.404243, 3.221334, 8.222483, 405.8367, 14.61725
box_6_melody(Clone) stack 36 Shelf_2 Rack_0_0_2
-1.860509, 2.590416, 8.242125, 448.3226, 64.72366
-2.070493, 2.590416, 8.238459, 431.8421, 64.68976
-2.074395, 2.590416, 8.462032, 426.0594, 66.6994
-1.864412, 2.590416, 8.465698, 442.0718, 66.73141
-2.074395, 2.590416, 8.462032, 426.0594, 66.6994
-2.074395, 2.389025, 8.462032, 426.0594, 82.14735
-1.864412, 2.389025, 8.465698, 442.0718, 82.17212
-1.864412, 2.590416, 8.465698, 442.0718, 66.73141
-1.864412, 2.590416, 8.465698, 442.0718, 66.73141
-1.864412, 2.389025, 8.465698, 442.0718, 82.17212
-1.860509, 2.389025, 8.242125, 448.3226, 80.61848
-1.860509, 2.590416, 8.242125, 448.3226, 64.72366
-2.070493, 2.389025, 8.238459, 431.8421, 80.59225
-1.860509, 2.389025, 8.242125, 448.3226, 80.61848
-1.864412, 2.389025, 8.465698, 442.0718, 82.17212
-2.074395, 2.389025, 8.462032, 426.0594, 82.14735
-2.070493, 2.590416, 8.238459, 431.8421, 64.68976
-2.070493, 2.389025, 8.238459, 431.8421, 80.59225
-2.074395, 2.389025, 8.462032, 426.0594, 82.14735
-2.074395, 2.590416, 8.462032, 426.0594, 66.6994
-1.860509, 2.590416, 8.242125, 448.3226, 64.72366
-1.860509, 2.389025, 8.242125, 448.3226, 80.61848
-2.070493, 2.389025, 8.238459, 431.8421, 80.59225
-2.070493, 2.590416, 8.238459, 431.8421, 64.68976
box_6_melody(Clone) stack 36 Shelf_2 Rack_0_0_2
-1.870499, 2.791806, 8.233222, 447.7775, 48.72783
-2.080003, 2.791806, 8.247871, 430.8547, 48.89397
-2.064405, 2.791806, 8.470935, 426.6134, 51.34668
-1.854901, 2.791806, 8.456285, 443.0452, 51.18991
-2.064405, 2.791806, 8.470935, 426.6134, 51.34668
-2.064405, 2.590415, 8.470935, 426.6134, 66.77707
-1.854901, 2.590415, 8.456285, 443.0452, 66.64922
-1.854901, 2.791806, 8.456285, 443.0452, 51.18991
-1.854901, 2.791806, 8.456285, 443.0452, 51.18991
-1.854901, 2.590415, 8.456285, 443.0452, 66.64922
-1.870499, 2.590415, 8.233222, 447.7775, 64.6413
-1.870499, 2.791806, 8.233222, 447.7775, 48.72783
-2.080003, 2.590415, 8.247872, 430.8547, 64.77678
-1.870499, 2.590415, 8.233222, 447.7775, 64.6413
-1.854901, 2.590415, 8.456285, 443.0452, 66.64922
-2.064405, 2.590415, 8.470935, 426.6134, 66.77707
-2.080003, 2.791806, 8.247871, 430.8547, 48.89397
-2.080003, 2.590415, 8.247872, 430.8547, 64.77678
-2.064405, 2.590415, 8.470935, 426.6134, 66.77707
-2.064405, 2.791806, 8.470935, 426.6134, 51.34668
-1.870499, 2.791806, 8.233222, 447.7775, 48.72783
-1.870499, 2.590415, 8.233222, 447.7775, 64.6413
-2.080003, 2.590415, 8.247872, 430.8547, 64.77678
-2.080003, 2.791806, 8.247871, 430.8547, 48.89397
box4_Fairever(Clone) stack 37 Shelf_2 Rack_0_0_2
-1.574949, 2.58203, 8.193359, 472.351, 64.93607
-1.841362, 2.58203, 8.22136, 450.4086, 65.19484
-1.818183, 2.58203, 8.441893, 446.2436, 67.168
-1.55177, 2.58203, 8.413892, 467.5486, 66.92368
-1.818183, 2.58203, 8.441893, 446.2436, 67.168
-1.818183, 2.388857, 8.441893, 446.2436, 82.02385
-1.55177, 2.388857, 8.413892, 467.5486, 81.83304
-1.55177, 2.58203, 8.413892, 467.5486, 66.92368
-1.55177, 2.58203, 8.413892, 467.5486, 66.92368
-1.55177, 2.388857, 8.413892, 467.5486, 81.83304
-1.574949, 2.388857, 8.193359, 472.351, 80.28075
-1.574949, 2.58203, 8.193359, 472.351, 64.93607
-1.841362, 2.388857, 8.22136, 450.4086, 80.48285
-1.574949, 2.388857, 8.193359, 472.351, 80.28075
-1.55177, 2.388857, 8.413892, 467.5486, 81.83304
-1.818183, 2.388857, 8.441893, 446.2436, 82.02385
-1.841362, 2.58203, 8.22136, 450.4086, 65.19484
-1.841362, 2.388857, 8.22136, 450.4086, 80.48285
-1.818183, 2.388857, 8.441893, 446.2436, 82.02385
-1.818183, 2.58203, 8.441893, 446.2436, 67.168
-1.574949, 2.58203, 8.193359, 472.351, 64.93607
-1.574949, 2.388857, 8.193359, 472.351, 80.28075
-1.841362, 2.388857, 8.22136, 450.4086, 80.48285
-1.841362, 2.58203, 8.22136, 450.4086, 65.19484
box4_Fairever(Clone) stack 37 Shelf_2 Rack_0_0_2
-1.572799, 2.775203, 8.1955, 472.4559, 49.6156
-1.83966, 2.775203, 8.218847, 450.6131, 49.87863
-1.820333, 2.775203, 8.439752, 446.1348, 52.28943
-1.553473, 2.775203, 8.416405, 467.3437, 52.04111
-1.820333, 2.775203, 8.439752, 446.1348, 52.28943
-1.820333, 2.58203, 8.439752, 446.1348, 67.14938
-1.553473, 2.58203, 8.416405, 467.3437, 66.94566
-1.553473, 2.775203, 8.416405, 467.3437, 52.04111
-1.553473, 2.775203, 8.416405, 467.3437, 52.04111
-1.553473, 2.58203, 8.416405, 467.3437, 66.94566
-1.572799, 2.58203, 8.1955, 472.4559, 64.95593
-1.572799, 2.775203, 8.1955, 472.4559, 49.6156
-1.83966, 2.58203, 8.218847, 450.6131, 65.17169
-1.572799, 2.58203, 8.1955, 472.4559, 64.95593
-1.553473, 2.58203, 8.416405, 467.3437, 66.94566
-1.820333, 2.58203, 8.439752, 446.1348, 67.14938
-1.83966, 2.775203, 8.218847, 450.6131, 49.87863
-1.83966, 2.58203, 8.218847, 450.6131, 65.17169
-1.820333, 2.58203, 8.439752, 446.1348, 67.14938
-1.820333, 2.775203, 8.439752, 446.1348, 52.28943
-1.572799, 2.775203, 8.1955, 472.4559, 49.6156
-1.572799, 2.58203, 8.1955, 472.4559, 64.95593
-1.83966, 2.58203, 8.218847, 450.6131, 65.17169
-1.83966, 2.775203, 8.218847, 450.6131, 49.87863
box_8_lizol(Clone) stack 38 Shelf_2 Rack_0_0_2
-1.445227, 2.591249, 8.483146, 473.6899, 66.81953
-1.445227, 2.591249, 8.483146, 473.6899, 66.81953
-1.445227, 2.389108, 8.483146, 473.6899, 82.28326
-1.445227, 2.389108, 8.483146, 473.6899, 82.28326
-1.445227, 2.389108, 8.483146, 473.6899, 82.28326
-1.445227, 2.591249, 8.483146, 473.6899, 66.81953
box_8_lizol(Clone) stack 38 Shelf_2 Rack_0_0_2
-1.460773, 2.793389, 8.26082, 479.2834, 48.91563
-1.436598, 2.793389, 8.490831, 474.1205, 51.43771
-1.436598, 2.793389, 8.490831, 474.1205, 51.43771
-1.436598, 2.591249, 8.490831, 474.1205, 66.88628
-1.460773, 2.591249, 8.26082, 479.2834, 64.83049
-1.436598, 2.591249, 8.490831, 474.1205, 66.88628
-1.460773, 2.793389, 8.26082, 479.2834, 48.91563
-1.460773, 2.591249, 8.26082, 479.2834, 64.83049
-1.436598, 2.591249, 8.490831, 474.1205, 66.88628
-1.436598, 2.793389, 8.490831, 474.1205, 51.43771
-1.460773, 2.591249, 8.26082, 479.2834, 64.83049
-1.460773, 2.793389, 8.26082, 479.2834, 48.91563
box_8_lizol(Clone) stack 38 Shelf_2 Rack_0_0_2
-1.458962, 2.99553, 8.468316, 473.0798, 35.70432
-1.458962, 2.99553, 8.468316, 473.0798, 35.70432
-1.458962, 2.79339, 8.468316, 473.0798, 51.19734
-1.458962, 2.79339, 8.468316, 473.0798, 51.19734
-1.458962, 2.79339, 8.468316, 473.0798, 51.19734
-1.458962, 2.99553, 8.468316, 473.0798, 35.70432
box_8_lizol(Clone) stack 38 Shelf_2 Rack_0_0_2
-1.458962, 3.19767, 8.468316, 473.0798, 20.21129
-1.458962, 3.19767, 8.468316, 473.0798, 20.21129
-1.458962, 2.99553, 8.468316, 473.0798, 35.7043
-1.458962, 2.99553, 8.468316, 473.0798, 35.7043
-1.458962, 2.99553, 8.468316, 473.0798, 35.7043
-1.458962, 3.19767, 8.468316, 473.0798, 20.21129
