Shelf, 0, -3.3323874473571777, -3.9262290000915527, 0.3199999928474426, 0.0, -0.0, 1.5707963705062866, 6.892641544342041, 1.5471497774124146, 0.035973258316516876, 0.0341796875, 0.02499997802078724, 0.02499992959201336, -15.774698257446289, 10.073770523071289, 5.229205131530762, 1.5707963705062866, 4.71238899230957, 4.71238899230957, 1.0, 1.0, 1.0, 2.837609203534329, 0.8
Shelf, 1, -3.3323874473571777, -3.9262290000915527, 3.1359479427337646, 0.0, -0.0, 1.5707963705062866, 6.892641544342041, 1.5471497774124146, 0.035973258316516876, 0.0341796875, 0.02499997802078724, 0.02499992959201336, -15.774698257446289, 10.073770523071289, 5.229205131530762, 1.5707963705062866, 4.71238899230957, 4.71238899230957, 1.0, 1.0, 1.0, 2.837609203534329, 0.8
Shelf, 2, -3.3323874473571777, -3.9262290000915527, 5.9518961906433105, 0.0, -0.0, 1.5707963705062866, 6.892641544342041, 1.5471497774124146, 0.035973258316516876, 0.0341796875, 0.02499997802078724, 0.02499992959201336, -15.774698257446289, 10.073770523071289, 5.229205131530762, 1.5707963705062866, 4.71238899230957, 4.71238899230957, 1.0, 1.0, 1.0, 2.837609203534329, 0.8
Shelf, 3, -3.3323874473571777, -3.9262290000915527, 8.767844200134277, 0.0, -0.0, 1.5707963705062866, 6.892641544342041, 1.5471497774124146, 0.035973258316516876, 0.0341796875, 0.02499997802078724, 0.02499992959201336, -15.774698257446289, 10.073770523071289, 5.229205131530762, 1.5707963705062866, 4.71238899230957, 4.71238899230957, 1.0, 1.0, 1.0, 2.837609203534329, 0.8
Shelf, 0, -3.3323874473571777, 3.0737709999084473, 0.3199999928474426, 0.0, -0.0, 1.5707963705062866, 6.892641544342041, 1.5471497774124146, 0.035973258316516876, 0.0341796875, 0.02499997802078724, 0.02499992959201336, -15.774698257446289, 10.073770523071289, 5.229205131530762, 1.5707963705062866, 4.71238899230957, 4.71238899230957, 1.0, 1.0, 1.0, 2.837609203534329, 0.8
Shelf, 1, -3.3323874473571777, 3.0737709999084473, 3.1359479427337646, 0.0, -0.0, 1.5707963705062866, 6.892641544342041, 1.5471497774124146, 0.035973258316516876, 0.0341796875, 0.02499997802078724, 0.02499992959201336, -15.774698257446289, 10.073770523071289, 5.229205131530762, 1.5707963705062866, 4.71238899230957, 4.71238899230957, 1.0, 1.0, 1.0, 2.837609203534329, 0.8
Shelf, 2, -3.3323874473571777, 3.0737709999084473, 5.9518961906433105, 0.0, -0.0, 1.5707963705062866, 6.892641544342041, 1.5471497774124146, 0.035973258316516876, 0.0341796875, 0.02499997802078724, 0.02499992959201336, -15.774698257446289, 10.073770523071289, 5.229205131530762, 1.5707963705062866, 4.71238899230957, 4.71238899230957, 1.0, 1.0, 1.0, 2.837609203534329, 0.8
Shelf, 3, -3.3323874473571777, 3.0737709999084473, 8.767844200134277, 0.0, -0.0, 1.5707963705062866, 6.892641544342041, 1.5471497774124146, 0.035973258316516876, 0.0341796875, 0.02499997802078724, 0.02499992959201336, -15.774698257446289, 10.073770523071289, 5.229205131530762, 1.5707963705062866, 4.71238899230957, 4.71238899230957, 1.0, 1.0, 1.0, 2.837609203534329, 0.8
Box, 0, -3.3323874473571777, 1.536659836769104, 0.7014999985694885, 0.0, -0.0, 0.07518018037080765, 0.9390668272972107, 0.7244223356246948, 0.7627946138381958, 0.004552620928734541, 0.004997591022402048, 0.004999995231628418, -15.774698257446289, 10.073770523071289, 5.229205131530762, 1.5707963705062866, 4.71238899230957, 4.71238899230957, 1.0, 1.0, 1.0, 2.837609203534329, 0.8
Box, 0, -3.3323874473571777, 1.536659836769104, 1.4644999504089355, 0.0, -0.0, 0.06654947251081467, 0.9389491081237793, 0.7244977355003357, 0.7627946138381958, 0.004552050027996302, 0.0049981107003986835, 0.004999995231628418, -15.774698257446289, 10.073770523071289, 5.229205131530762, 1.5707963705062866, 4.71238899230957, 4.71238899230957, 1.0, 1.0, 1.0, 2.837609203534329, 0.8
Box, 0, -3.3323874473571777, 1.536659836769104, 2.2274999618530273, 0.0, 0.0, -0.06063435226678848, 0.9388766884803772, 0.724544107913971, 0.7627946138381958, 0.004551698919385672, 0.004998430609703064, 0.004999995231628418, -15.774698257446289, 10.073770523071289, 5.229205131530762, 1.5707963705062866, 4.71238899230957, 4.71238899230957, 1.0, 1.0, 1.0, 2.837609203534329, 0.8
Box, 0, -3.3323874473571777, 4.254208564758301, 0.5199999809265137, 0.0, -0.0, 0.05641913786530495, 0.7999999523162842, 0.7999999523162842, 0.3999999761581421, 0.3999999761581421, 0.3999999761581421, 0.19999998807907104, -15.774698257446289, 10.073770523071289, 5.229205131530762, 1.5707963705062866, 4.71238899230957, 4.71238899230957, 1.0, 1.0, 1.0, 2.837609203534329, 0.8
Box, 0, -3.3323874473571777, 4.254208564758301, 0.9200000166893005, 0.0, -0.0, 0.009553434327244759, 0.7999998927116394, 0.7999998927116394, 0.3999999761581421, 0.3999999463558197, 0.3999999463558197, 0.19999998807907104, -15.774698257446289, 10.073770523071289, 5.229205131530762, 1.5707963705062866, 4.71238899230957, 4.71238899230957, 1.0, 1.0, 1.0, 2.837609203534329, 0.8
Box, 0, -3.3323874473571777, 4.254208564758301, 1.3200000524520874, 0.0, -0.0, 0.05535150691866875, 0.8000000715255737, 0.8000000715255737, 0.3999999761581421, 0.4000000059604645, 0.4000000059604645, 0.19999998807907104, -15.774698257446289, 10.073770523071289, 5.229205131530762, 1.5707963705062866, 4.71238899230957, 4.71238899230957, 1.0, 1.0, 1.0, 2.837609203534329, 0.8
Box, 0, -3.3323874473571777, 4.254208564758301, 1.7200000286102295, 0.0, -0.0, 0.029690032824873924, 0.7999998927116394, 0.7999998927116394, 0.3999999761581421, 0.3999999463558197, 0.3999999463558197, 0.19999998807907104, -15.774698257446289, 10.073770523071289, 5.229205131530762, 1.5707963705062866, 4.71238899230957, 4.71238899230957, 1.0, 1.0, 1.0, 2.837609203534329, 0.8
Box, 0, -3.3323874473571777, 4.254208564758301, 2.119999885559082, 0.0, -0.0, 0.040294401347637177, 0.800000011920929, 0.800000011920929, 0.3999999761581421, 0.4000000059604645, 0.4000000059604645, 0.19999998807907104, -15.774698257446289, 10.073770523071289, 5.229205131530762, 1.5707963705062866, 4.71238899230957, 4.71238899230957, 1.0, 1.0, 1.0, 2.837609203534329, 0.8
Box, 0, -3.3323874473571777, 4.254208564758301, 2.5199999809265137, 0.0, 0.0, -0.055989742279052734, 0.7999999523162842, 0.7999999523162842, 0.3999999761581421, 0.3999999761581421, 0.3999999761581421, 0.19999998807907104, -15.774698257446289, 10.073770523071289, 5.229205131530762, 1.5707963705062866, 4.71238899230957, 4.71238899230957, 1.0, 1.0, 1.0, 2.837609203534329, 0.8
Box, 1, -3.3323874473571777, 0.3129653334617615, 3.5406765937805176, 0.0, -0.0, 0.04285668209195137, 0.919122040271759, 0.8754796385765076, 0.8094567656517029, 0.0045508393086493015, 0.004999212920665741, 0.004999995231628418, -15.774698257446289, 10.073770523071289, 5.229205131530762, 1.5707963705062866, 4.71238899230957, 4.71238899230957, 1.0, 1.0, 1.0, 2.837609203534329, 0.8
Box, 1, -3.3323874473571777, 1.4521597623825073, 3.3359479904174805, 0.0, -0.0, 0.030204296112060547, 0.7999999523162842, 0.7999999523162842, 0.3999999761581421, 0.3999999761581421, 0.3999999761581421, 0.19999998807907104, -15.774698257446289, 10.073770523071289, 5.229205131530762, 1.5707963705062866, 4.71238899230957, 4.71238899230957, 1.0, 1.0, 1.0, 2.837609203534329, 0.8
Box, 1, -3.3323874473571777, 2.5521597862243652, 3.3359479904174805, 0.0, -0.0, 0.06451081484556198, 0.800000011920929, 0.800000011920929, 0.3999999761581421, 0.4000000059604645, 0.4000000059604645, 0.19999998807907104, -15.774698257446289, 10.073770523071289, 5.229205131530762, 1.5707963705062866, 4.71238899230957, 4.71238899230957, 1.0, 1.0, 1.0, 2.837609203534329, 0.8
Box, 1, -3.3323874473571777, 2.5521597862243652, 3.735948085784912, 0.0, 0.0, -0.0324249342083931, 0.7999999523162842, 0.7999999523162842, 0.3999999761581421, 0.3999999761581421, 0.3999999761581421, 0.19999998807907104, -15.774698257446289, 10.073770523071289, 5.229205131530762, 1.5707963705062866, 4.71238899230957, 4.71238899230957, 1.0, 1.0, 1.0, 2.837609203534329, 0.8
Box, 1, -3.3323874473571777, 3.704380989074707, 3.379578113555908, 0.0, 0.0, -0.04743672534823418, 1.3199973106384277, 0.8799960017204285, 0.4872594177722931, 0.010999977588653564, 0.010999977588653564, 0.010999977588653564, -15.774698257446289, 10.073770523071289, 5.229205131530762, 1.5707963705062866, 4.71238899230957, 4.71238899230957, 1.0, 1.0, 1.0, 2.837609203534329, 0.8
Box, 1, -3.3323874473571777, 3.704380989074707, 3.866837978363037, 0.0, -0.0, 0.03842520713806152, 1.3199973106384277, 0.8799960017204285, 0.4872594177722931, 0.010999977588653564, 0.010999977588653564, 0.010999977588653564, -15.774698257446289, 10.073770523071289, 5.229205131530762, 1.5707963705062866, 4.71238899230957, 4.71238899230957, 1.0, 1.0, 1.0, 2.837609203534329, 0.8
Box, 1, -3.3323874473571777, 3.704380989074707, 4.354097843170166, 0.0, -0.0, 0.021729473024606705, 1.3199970722198486, 0.8799958825111389, 0.4872594177722931, 0.01099997665733099, 0.01099997665733099, 0.010999977588653564, -15.774698257446289, 10.073770523071289, 5.229205131530762, 1.5707963705062866, 4.71238899230957, 4.71238899230957, 1.0, 1.0, 1.0, 2.837609203534329, 0.8
Box, 1, -3.3323874473571777, 4.825047016143799, 3.5174479484558105, 0.0, 0.0, -0.053005803376436234, 0.9387931227684021, 0.7245975732803345, 0.7627946138381958, 0.004551293794065714, 0.004998799413442612, 0.004999995231628418, -15.774698257446289, 10.073770523071289, 5.229205131530762, 1.5707963705062866, 4.71238899230957, 4.71238899230957, 1.0, 1.0, 1.0, 2.837609203534329, 0.8
Box, 1, -3.3323874473571777, 4.825047016143799, 4.280447959899902, 0.0, 0.0, -0.08449683338403702, 0.9392097592353821, 0.7243308424949646, 0.7627946138381958, 0.004553313832730055, 0.004996959585696459, 0.004999995231628418, -15.774698257446289, 10.073770523071289, 5.229205131530762, 1.5707963705062866, 4.71238899230957, 4.71238899230957, 1.0, 1.0, 1.0, 2.837609203534329, 0.8
Box, 1, -3.3323874473571777, 4.825047016143799, 5.043447971343994, 0.0, -0.0, 0.04828617349267006, 0.938746988773346, 0.7246269583702087, 0.7627946138381958, 0.0045510707423090935, 0.004999002907425165, 0.004999995231628418, -15.774698257446289, 10.073770523071289, 5.229205131530762, 1.5707963705062866, 4.71238899230957, 4.71238899230957, 1.0, 1.0, 1.0, 2.837609203534329, 0.8
Box, 2, -3.3323874473571777, 0.27377089858055115, 6.151895999908447, 0.0, 0.0, -0.04591275379061699, 0.7999998927116394, 0.7999998927116394, 0.3999999761581421, 0.3999999463558197, 0.3999999463558197, 0.19999998807907104, -15.774698257446289, 10.073770523071289, 5.229205131530762, 1.5707963705062866, 4.71238899230957, 4.71238899230957, 1.0, 1.0, 1.0, 2.837609203534329, 0.8
Box, 2, -3.3323874473571777, 0.27377089858055115, 6.551896095275879, 0.0, 0.0, -0.07242919504642487, 0.7999999523162842, 0.7999999523162842, 0.3999999761581421, 0.3999999761581421, 0.3999999761581421, 0.19999998807907104, -15.774698257446289, 10.073770523071289, 5.229205131530762, 1.5707963705062866, 4.71238899230957, 4.71238899230957, 1.0, 1.0, 1.0, 2.837609203534329, 0.8
Box, 2, -3.3323874473571777, 0.27377089858055115, 6.9518961906433105, 0.0, -0.0, 0.0032522680703550577, 0.7999999523162842, 0.7999999523162842, 0.3999999761581421, 0.3999999761581421, 0.3999999761581421, 0.19999998807907104, -15.774698257446289, 10.073770523071289, 5.229205131530762, 1.5707963705062866, 4.71238899230957, 4.71238899230957, 1.0, 1.0, 1.0, 2.837609203534329, 0.8
Box, 2, -3.3323874473571777, 0.27377089858055115, 7.351896286010742, 0.0, 0.0, -0.009054183959960938, 0.7999999523162842, 0.7999999523162842, 0.3999999761581421, 0.3999999761581421, 0.3999999761581421, 0.19999998807907104, -15.774698257446289, 10.073770523071289, 5.229205131530762, 1.5707963705062866, 4.71238899230957, 4.71238899230957, 1.0, 1.0, 1.0, 2.837609203534329, 0.8
Box, 2, -3.3323874473571777, 0.27377089858055115, 7.751895904541016, 0.0, 0.0, -0.07957172393798828, 0.7999998331069946, 0.7999998331069946, 0.3999999761581421, 0.3999999463558197, 0.3999999463558197, 0.19999998807907104, -15.774698257446289, 10.073770523071289, 5.229205131530762, 1.5707963705062866, 4.71238899230957, 4.71238899230957, 1.0, 1.0, 1.0, 2.837609203534329, 0.8
Box, 2, -3.3323874473571777, 0.27377089858055115, 8.151896476745605, 0.0, -0.0, 0.03748321533203125, 0.7999998927116394, 0.7999998927116394, 0.3999999761581421, 0.3999999463558197, 0.3999999463558197, 0.19999998807907104, -15.774698257446289, 10.073770523071289, 5.229205131530762, 1.5707963705062866, 4.71238899230957, 4.71238899230957, 1.0, 1.0, 1.0, 2.837609203534329, 0.8
Box, 2, -3.3323874473571777, 1.803770899772644, 6.15139627456665, 0.0, 0.0, -0.07629063725471497, 1.3268767595291138, 1.6775877475738525, 0.39866775274276733, 0.011057306081056595, 0.020969899371266365, 0.009000003337860107, -15.774698257446289, 10.073770523071289, 5.229205131530762, 1.5707963705062866, 4.71238899230957, 4.71238899230957, 1.0, 1.0, 1.0, 2.837609203534329, 0.8
Box, 2, -3.3323874473571777, 1.803770899772644, 6.550395965576172, 0.0, -0.0, 0.07634206861257553, 1.3268861770629883, 1.6775845289230347, 0.39866775274276733, 0.011057384312152863, 0.020969858393073082, 0.009000003337860107, -15.774698257446289, 10.073770523071289, 5.229205131530762, 1.5707963705062866, 4.71238899230957, 4.71238899230957, 1.0, 1.0, 1.0, 2.837609203534329, 0.8
Box, 2, -3.3323874473571777, 1.803770899772644, 6.949396133422852, 0.0, -0.0, 0.08820308744907379, 1.3291990756988525, 1.6767703294754028, 0.39866775274276733, 0.011076658964157104, 0.020959680899977684, 0.009000003337860107, -15.774698257446289, 10.073770523071289, 5.229205131530762, 1.5707963705062866, 4.71238899230957, 4.71238899230957, 1.0, 1.0, 1.0, 2.837609203534329, 0.8
Box, 2, -3.3323874473571777, 1.803770899772644, 7.348396301269531, 0.0, -0.0, 0.10134989768266678, 1.3321572542190552, 1.6757266521453857, 0.39866775274276733, 0.011101310141384602, 0.02094663493335247, 0.009000003337860107, -15.774698257446289, 10.073770523071289, 5.229205131530762, 1.5707963705062866, 4.71238899230957, 4.71238899230957, 1.0, 1.0, 1.0, 2.837609203534329, 0.8
Box, 2, -3.3323874473571777, 1.803770899772644, 7.747395992279053, 0.0, -0.0, 0.08193573355674744, 1.327934980392456, 1.677215576171875, 0.39866775274276733, 0.011066124774515629, 0.020965246483683586, 0.009000003337860107, -15.774698257446289, 10.073770523071289, 5.229205131530762, 1.5707963705062866, 4.71238899230957, 4.71238899230957, 1.0, 1.0, 1.0, 2.837609203534329, 0.8
Box, 2, -3.3323874473571777, 1.803770899772644, 8.146395683288574, 0.0, -0.0, 0.01506967842578888, 1.3202651739120483, 1.6799043416976929, 0.39866775274276733, 0.011002209968864918, 0.02099885605275631, 0.009000003337860107, -15.774698257446289, 10.073770523071289, 5.229205131530762, 1.5707963705062866, 4.71238899230957, 4.71238899230957, 1.0, 1.0, 1.0, 2.837609203534329, 0.8
Box, 2, -3.3323874473571777, 3.3859922885894775, 6.195526123046875, 0.0, -0.0, 0.027200937271118164, 1.3199971914291382, 0.8799959421157837, 0.4872594177722931, 0.01099997665733099, 0.01099997665733099, 0.010999977588653564, -15.774698257446289, 10.073770523071289, 5.229205131530762, 1.5707963705062866, 4.71238899230957, 4.71238899230957, 1.0, 1.0, 1.0, 2.837609203534329, 0.8
Box, 2, -3.3323874473571777, 3.3859922885894775, 6.682785987854004, 0.0, 0.0, -0.08002472668886185, 1.3199973106384277, 0.8799960017204285, 0.4872594177722931, 0.010999977588653564, 0.010999977588653564, 0.010999977588653564, -15.774698257446289, 10.073770523071289, 5.229205131530762, 1.5707963705062866, 4.71238899230957, 4.71238899230957, 1.0, 1.0, 1.0, 2.837609203534329, 0.8
Box, 2, -3.3323874473571777, 3.3859922885894775, 7.170046329498291, 0.0, 0.0, -0.05795050412416458, 1.3199973106384277, 0.8799960017204285, 0.4872594177722931, 0.010999977588653564, 0.010999977588653564, 0.010999977588653564, -15.774698257446289, 10.073770523071289, 5.229205131530762, 1.5707963705062866, 4.71238899230957, 4.71238899230957, 1.0, 1.0, 1.0, 2.837609203534329, 0.8
Box, 2, -3.3323874473571777, 4.812765598297119, 6.2428789138793945, 0.0, -0.0, 0.021564798429608345, 0.9941878318786621, 1.3698639869689941, 0.5820000171661377, 0.49709391593933105, 0.6849319934844971, 0.29100000858306885, -15.774698257446289, 10.073770523071289, 5.229205131530762, 1.5707963705062866, 4.71238899230957, 4.71238899230957, 1.0, 1.0, 1.0, 2.837609203534329, 0.8
Box, 3, -3.3323874473571777, 1.3422152996063232, 9.149344444274902, 0.0, 0.0, -0.07692726701498032, 0.9390923976898193, 0.7244060039520264, 0.7627946138381958, 0.004552744794636965, 0.00499747833237052, 0.004999995231628418, -15.774698257446289, 10.073770523071289, 5.229205131530762, 1.5707963705062866, 4.71238899230957, 4.71238899230957, 1.0, 1.0, 1.0, 2.837609203534329, 0.8
Box, 3, -3.3323874473571777, 1.3422152996063232, 9.912343978881836, 0.0, -0.0, 0.08453753590583801, 0.9392103552818298, 0.7243304252624512, 0.7627946138381958, 0.004553316626697779, 0.004996956791728735, 0.004999995231628418, -15.774698257446289, 10.073770523071289, 5.229205131530762, 1.5707963705062866, 4.71238899230957, 4.71238899230957, 1.0, 1.0, 1.0, 2.837609203534329, 0.8
Box, 3, -3.3323874473571777, 1.3422152996063232, 10.675344467163086, 0.0, 0.0, -0.008985747583210468, 0.938529908657074, 0.7247660160064697, 0.7627946138381958, 0.004550017882138491, 0.0049999612383544445, 0.004999995231628418, -15.774698257446289, 10.073770523071289, 5.229205131530762, 1.5707963705062866, 4.71238899230957, 4.71238899230957, 1.0, 1.0, 1.0, 2.837609203534329, 0.8
Box, 3, -3.3323874473571777, 3.705104351043701, 8.967844009399414, 0.0, 0.0, -0.046870000660419464, 0.7999999523162842, 0.7999999523162842, 0.3999999761581421, 0.3999999761581421, 0.3999999761581421, 0.19999998807907104, -15.774698257446289, 10.073770523071289, 5.229205131530762, 1.5707963705062866, 4.71238899230957, 4.71238899230957, 1.0, 1.0, 1.0, 2.837609203534329, 0.8
Box, 3, -3.3323874473571777, 4.8051042556762695, 8.967844009399414, 0.0, 0.0, -0.043382879346609116, 0.7999998331069946, 0.7999998331069946, 0.3999999761581421, 0.3999999463558197, 0.3999999463558197, 0.19999998807907104, -15.774698257446289, 10.073770523071289, 5.229205131530762, 1.5707963705062866, 4.71238899230957, 4.71238899230957, 1.0, 1.0, 1.0, 2.837609203534329, 0.8
Box, 3, -3.3323874473571777, 4.8051042556762695, 9.367844581604004, 0.0, -0.0, 0.03181147575378418, 0.800000011920929, 0.800000011920929, 0.3999999761581421, 0.4000000059604645, 0.4000000059604645, 0.19999998807907104, -15.774698257446289, 10.073770523071289, 5.229205131530762, 1.5707963705062866, 4.71238899230957, 4.71238899230957, 1.0, 1.0, 1.0, 2.837609203534329, 0.8
Box, 3, -3.3323874473571777, 4.8051042556762695, 9.767844200134277, 0.0, 0.0, -0.011978864669799805, 0.7999999523162842, 0.7999999523162842, 0.3999999761581421, 0.3999999761581421, 0.3999999761581421, 0.19999998807907104, -15.774698257446289, 10.073770523071289, 5.229205131530762, 1.5707963705062866, 4.71238899230957, 4.71238899230957, 1.0, 1.0, 1.0, 2.837609203534329, 0.8
Shelf, 0, -3.3323874473571777, 10.073770523071289, 0.3199999928474426, 0.0, -0.0, 1.5707963705062866, 6.892641544342041, 1.5471497774124146, 0.035973258316516876, 0.0341796875, 0.02499997802078724, 0.02499992959201336, -15.774698257446289, 10.073770523071289, 5.229205131530762, 1.5707963705062866, 4.71238899230957, 4.71238899230957, 1.0, 1.0, 1.0, 2.837609203534329, 0.8
Shelf, 1, -3.3323874473571777, 10.073770523071289, 3.1359479427337646, 0.0, -0.0, 1.5707963705062866, 6.892641544342041, 1.5471497774124146, 0.035973258316516876, 0.0341796875, 0.02499997802078724, 0.02499992959201336, -15.774698257446289, 10.073770523071289, 5.229205131530762, 1.5707963705062866, 4.71238899230957, 4.71238899230957, 1.0, 1.0, 1.0, 2.837609203534329, 0.8
Shelf, 2, -3.3323874473571777, 10.073770523071289, 5.9518961906433105, 0.0, -0.0, 1.5707963705062866, 6.892641544342041, 1.5471497774124146, 0.035973258316516876, 0.0341796875, 0.02499997802078724, 0.02499992959201336, -15.774698257446289, 10.073770523071289, 5.229205131530762, 1.5707963705062866, 4.71238899230957, 4.71238899230957, 1.0, 1.0, 1.0, 2.837609203534329, 0.8
Shelf, 3, -3.3323874473571777, 10.073770523071289, 8.767844200134277, 0.0, -0.0, 1.5707963705062866, 6.892641544342041, 1.5471497774124146, 0.035973258316516876, 0.0341796875, 0.02499997802078724, 0.02499992959201336, -15.774698257446289, 10.073770523071289, 5.229205131530762, 1.5707963705062866, 4.71238899230957, 4.71238899230957, 1.0, 1.0, 1.0, 2.837609203534329, 0.8
Box, 0, -3.3323874473571777, 9.657715797424316, 0.5199999809265137, 0.0, -0.0, 0.01985621638596058, 0.7999999523162842, 0.7999999523162842, 0.3999999761581421, 0.3999999761581421, 0.3999999761581421, 0.19999998807907104, -15.774698257446289, 10.073770523071289, 5.229205131530762, 1.5707963705062866, 4.71238899230957, 4.71238899230957, 1.0, 1.0, 1.0, 2.837609203534329, 0.8
Box, 0, -3.3323874473571777, 9.657715797424316, 0.9200000166893005, 0.0, -0.0, 0.013677599839866161, 0.8000000715255737, 0.8000000715255737, 0.3999999761581421, 0.4000000059604645, 0.4000000059604645, 0.19999998807907104, -15.774698257446289, 10.073770523071289, 5.229205131530762, 1.5707963705062866, 4.71238899230957, 4.71238899230957, 1.0, 1.0, 1.0, 2.837609203534329, 0.8
Box, 0, -3.3323874473571777, 9.657715797424316, 1.3200000524520874, 0.0, 0.0, -0.04011274129152298, 0.7999999523162842, 0.7999999523162842, 0.3999999761581421, 0.3999999761581421, 0.3999999761581421, 0.19999998807907104, -15.774698257446289, 10.073770523071289, 5.229205131530762, 1.5707963705062866, 4.71238899230957, 4.71238899230957, 1.0, 1.0, 1.0, 2.837609203534329, 0.8
Box, 0, -3.3323874473571777, 9.657715797424316, 1.7200000286102295, 0.0, -0.0, 0.02809309959411621, 0.7999999523162842, 0.7999999523162842, 0.3999999761581421, 0.3999999761581421, 0.3999999761581421, 0.19999998807907104, -15.774698257446289, 10.073770523071289, 5.229205131530762, 1.5707963705062866, 4.71238899230957, 4.71238899230957, 1.0, 1.0, 1.0, 2.837609203534329, 0.8
Box, 0, -3.3323874473571777, 9.657715797424316, 2.119999885559082, 0.0, -0.0, 0.06408717483282089, 0.7999998331069946, 0.7999998331069946, 0.3999999761581421, 0.3999999463558197, 0.3999999463558197, 0.19999998807907104, -15.774698257446289, 10.073770523071289, 5.229205131530762, 1.5707963705062866, 4.71238899230957, 4.71238899230957, 1.0, 1.0, 1.0, 2.837609203534329, 0.8
Box, 0, -3.3323874473571777, 9.657715797424316, 2.5199999809265137, 0.0, 0.0, -0.08202552795410156, 0.800000011920929, 0.800000011920929, 0.3999999761581421, 0.4000000059604645, 0.4000000059604645, 0.19999998807907104, -15.774698257446289, 10.073770523071289, 5.229205131530762, 1.5707963705062866, 4.71238899230957, 4.71238899230957, 1.0, 1.0, 1.0, 2.837609203534329, 0.8
Box, 0, -3.3323874473571777, 12.68616008758545, 0.7014999985694885, 0.0, 0.0, -0.02445834130048752, 0.9385798573493958, 0.7247339487075806, 0.7627946138381958, 0.004550260026007891, 0.004999740514904261, 0.004999995231628418, -15.774698257446289, 10.073770523071289, 5.229205131530762, 1.5707963705062866, 4.71238899230957, 4.71238899230957, 1.0, 1.0, 1.0, 2.837609203534329, 0.8
Box, 0, -3.3323874473571777, 12.68616008758545, 1.4644999504089355, 0.0, 0.0, -0.04033441096544266, 0.9386792778968811, 0.7246705293655396, 0.7627946138381958, 0.004550741519778967, 0.004999302793294191, 0.004999995231628418, -15.774698257446289, 10.073770523071289, 5.229205131530762, 1.5707963705062866, 4.71238899230957, 4.71238899230957, 1.0, 1.0, 1.0, 2.837609203534329, 0.8
Box, 1, -3.3323874473571777, 7.273770809173584, 3.3359479904174805, 0.0, 0.0, -0.03600931540131569, 0.7999999523162842, 0.7999999523162842, 0.3999999761581421, 0.3999999761581421, 0.3999999761581421, 0.19999998807907104, -15.774698257446289, 10.073770523071289, 5.229205131530762, 1.5707963705062866, 4.71238899230957, 4.71238899230957, 1.0, 1.0, 1.0, 2.837609203534329, 0.8
Box, 1, -3.3323874473571777, 7.273770809173584, 3.735948085784912, 0.0, -0.0, 0.024002553895115852, 0.7999999523162842, 0.7999999523162842, 0.3999999761581421, 0.3999999761581421, 0.3999999761581421, 0.19999998807907104, -15.774698257446289, 10.073770523071289, 5.229205131530762, 1.5707963705062866, 4.71238899230957, 4.71238899230957, 1.0, 1.0, 1.0, 2.837609203534329, 0.8
Box, 1, -3.3323874473571777, 8.803771018981934, 3.3354480266571045, 0.0, 0.0, -0.040744222700595856, 1.3219566345214844, 1.6793131828308105, 0.39866775274276733, 0.011016305536031723, 0.02099146693944931, 0.009000003337860107, -15.774698257446289, 10.073770523071289, 5.229205131530762, 1.5707963705062866, 4.71238899230957, 4.71238899230957, 1.0, 1.0, 1.0, 2.837609203534329, 0.8
Box, 1, -3.3323874473571777, 8.803771018981934, 3.734447956085205, 0.0, 0.0, -0.0903535932302475, 1.3296548128128052, 1.676609992980957, 0.39866775274276733, 0.011080455966293812, 0.02095767669379711, 0.009000003337860107, -15.774698257446289, 10.073770523071289, 5.229205131530762, 1.5707963705062866, 4.71238899230957, 4.71238899230957, 1.0, 1.0, 1.0, 2.837609203534329, 0.8
Box, 1, -3.3323874473571777, 8.803771018981934, 4.133448123931885, 0.0, -0.0, 0.024752501398324966, 1.3207203149795532, 1.6797456741333008, 0.39866775274276733, 0.011006002314388752, 0.02099687233567238, 0.009000003337860107, -15.774698257446289, 10.073770523071289, 5.229205131530762, 1.5707963705062866, 4.71238899230957, 4.71238899230957, 1.0, 1.0, 1.0, 2.837609203534329, 0.8
Box, 1, -3.3323874473571777, 11.538213729858398, 3.3359479904174805, 0.0, -0.0, 0.06127143278717995, 0.7999999523162842, 0.7999999523162842, 0.3999999761581421, 0.3999999761581421, 0.3999999761581421, 0.19999998807907104, -15.774698257446289, 10.073770523071289, 5.229205131530762, 1.5707963705062866, 4.71238899230957, 4.71238899230957, 1.0, 1.0, 1.0, 2.837609203534329, 0.8
Box, 1, -3.3323874473571777, 11.538213729858398, 3.735948085784912, 0.0, 0.0, -0.012605429627001286, 0.7999999523162842, 0.7999999523162842, 0.3999999761581421, 0.3999999761581421, 0.3999999761581421, 0.19999998807907104, -15.774698257446289, 10.073770523071289, 5.229205131530762, 1.5707963705062866, 4.71238899230957, 4.71238899230957, 1.0, 1.0, 1.0, 2.837609203534329, 0.8
Box, 1, -3.3323874473571777, 11.538213729858398, 4.135948181152344, 0.0, -0.0, 0.017485857009887695, 0.7999999523162842, 0.7999999523162842, 0.3999999761581421, 0.3999999761581421, 0.3999999761581421, 0.19999998807907104, -15.774698257446289, 10.073770523071289, 5.229205131530762, 1.5707963705062866, 4.71238899230957, 4.71238899230957, 1.0, 1.0, 1.0, 2.837609203534329, 0.8
Box, 1, -3.3323874473571777, 11.538213729858398, 4.535948276519775, 0.0, 0.0, -0.0737447664141655, 0.7999999523162842, 0.7999999523162842, 0.3999999761581421, 0.3999999761581421, 0.3999999761581421, 0.19999998807907104, -15.774698257446289, 10.073770523071289, 5.229205131530762, 1.5707963705062866, 4.71238899230957, 4.71238899230957, 1.0, 1.0, 1.0, 2.837609203534329, 0.8
Box, 2, -3.3323874473571777, 7.548323154449463, 6.2428789138793945, 0.0, -0.0, 0.056814953684806824, 0.9953033924102783, 1.369053602218628, 0.5820000171661377, 0.49765172600746155, 0.684526801109314, 0.29100000858306885, -15.774698257446289, 10.073770523071289, 5.229205131530762, 1.5707963705062866, 4.71238899230957, 4.71238899230957, 1.0, 1.0, 1.0, 2.837609203534329, 0.8
Box, 2, -3.3323874473571777, 8.975096702575684, 6.195526123046875, 0.0, 0.0, -0.04280782490968704, 1.3199973106384277, 0.8799960017204285, 0.4872594177722931, 0.010999977588653564, 0.010999977588653564, 0.010999977588653564, -15.774698257446289, 10.073770523071289, 5.229205131530762, 1.5707963705062866, 4.71238899230957, 4.71238899230957, 1.0, 1.0, 1.0, 2.837609203534329, 0.8
Box, 2, -3.3323874473571777, 8.975096702575684, 6.682785987854004, 0.0, -0.0, 0.0012242794036865234, 1.3199973106384277, 0.8799960017204285, 0.4872594177722931, 0.010999977588653564, 0.010999977588653564, 0.010999977588653564, -15.774698257446289, 10.073770523071289, 5.229205131530762, 1.5707963705062866, 4.71238899230957, 4.71238899230957, 1.0, 1.0, 1.0, 2.837609203534329, 0.8
Box, 2, -3.3323874473571777, 10.095762252807617, 6.333395957946777, 0.0, 0.0, -0.05634158477187157, 0.9388282299041748, 0.7245749831199646, 0.7627946138381958, 0.0045514642260968685, 0.004998643882572651, 0.004999995231628418, -15.774698257446289, 10.073770523071289, 5.229205131530762, 1.5707963705062866, 4.71238899230957, 4.71238899230957, 1.0, 1.0, 1.0, 2.837609203534329, 0.8
Box, 2, -3.3323874473571777, 10.095762252807617, 7.096395969390869, 0.0, 0.0, -0.03642755001783371, 0.9386501908302307, 0.7246890068054199, 0.7627946138381958, 0.0045506008900702, 0.004999430384486914, 0.004999995231628418, -15.774698257446289, 10.073770523071289, 5.229205131530762, 1.5707963705062866, 4.71238899230957, 4.71238899230957, 1.0, 1.0, 1.0, 2.837609203534329, 0.8
Box, 2, -3.3323874473571777, 10.095762252807617, 7.859395980834961, 0.0, -0.0, 0.028494175523519516, 0.9386005401611328, 0.7247207164764404, 0.7627946138381958, 0.0045503596775233746, 0.004999649245291948, 0.004999995231628418, -15.774698257446289, 10.073770523071289, 5.229205131530762, 1.5707963705062866, 4.71238899230957, 4.71238899230957, 1.0, 1.0, 1.0, 2.837609203534329, 0.8
Box, 2, -3.3323874473571777, 12.337093353271484, 6.333395957946777, 0.0, -0.0, 0.026586061343550682, 0.9385903477668762, 0.7247272729873657, 0.7627946138381958, 0.004550310783088207, 0.004999694414436817, 0.004999995231628418, -15.774698257446289, 10.073770523071289, 5.229205131530762, 1.5707963705062866, 4.71238899230957, 4.71238899230957, 1.0, 1.0, 1.0, 2.837609203534329, 0.8
Box, 2, -3.3323874473571777, 12.337093353271484, 7.096395969390869, 0.0, -0.0, 0.03507480397820473, 0.9386407732963562, 0.7246950268745422, 0.7627946138381958, 0.004550555720925331, 0.004999471362680197, 0.004999995231628418, -15.774698257446289, 10.073770523071289, 5.229205131530762, 1.5707963705062866, 4.71238899230957, 4.71238899230957, 1.0, 1.0, 1.0, 2.837609203534329, 0.8
Box, 2, -3.3323874473571777, 12.337093353271484, 7.859395980834961, 0.0, -0.0, 0.019022740423679352, 0.9385570883750916, 0.7247486114501953, 0.7627946138381958, 0.004550149664282799, 0.004999841097742319, 0.004999995231628418, -15.774698257446289, 10.073770523071289, 5.229205131530762, 1.5707963705062866, 4.71238899230957, 4.71238899230957, 1.0, 1.0, 1.0, 2.837609203534329, 0.8
Box, 3, -3.3323874473571777, 7.312965393066406, 9.17257308959961, 0.0, -0.0, 0.04936108738183975, 0.9191786646842957, 0.875434935092926, 0.8094567656517029, 0.004551119636744261, 0.004998957738280296, 0.004999995231628418, -15.774698257446289, 10.073770523071289, 5.229205131530762, 1.5707963705062866, 4.71238899230957, 4.71238899230957, 1.0, 1.0, 1.0, 2.837609203534329, 0.8
Box, 3, -3.3323874473571777, 7.312965393066406, 9.982029914855957, 0.0, 0.0, -0.007137450389564037, 0.9189532995223999, 0.8756127953529358, 0.8094567656517029, 0.0045500039122998714, 0.0049999733455479145, 0.004999995231628418, -15.774698257446289, 10.073770523071289, 5.229205131530762, 1.5707963705062866, 4.71238899230957, 4.71238899230957, 1.0, 1.0, 1.0, 2.837609203534329, 0.8
Box, 3, -3.3323874473571777, 8.504937171936035, 9.05882740020752, 0.0, 0.0, -0.021768735721707344, 0.999955415725708, 0.9000493884086609, 0.5799999237060547, 0.4999777376651764, 0.45002472400665283, 0.28999996185302734, -15.774698257446289, 10.073770523071289, 5.229205131530762, 1.5707963705062866, 4.71238899230957, 4.71238899230957, 1.0, 1.0, 1.0, 2.837609203534329, 0.8
Box, 3, -3.3323874473571777, 8.504937171936035, 9.640792846679688, 0.0, -0.0, 0.06367248296737671, 0.9996194243431091, 0.9004225730895996, 0.5799999237060547, 0.49980971217155457, 0.4502112865447998, 0.28999996185302734, -15.774698257446289, 10.073770523071289, 5.229205131530762, 1.5707963705062866, 4.71238899230957, 4.71238899230957, 1.0, 1.0, 1.0, 2.837609203534329, 0.8
Box, 3, -3.3323874473571777, 8.504937171936035, 10.222759246826172, 0.0, 0.0, -0.02851416915655136, 0.9999236464500427, 0.9000848531723022, 0.5799999237060547, 0.49996182322502136, 0.4500424265861511, 0.28999996185302734, -15.774698257446289, 10.073770523071289, 5.229205131530762, 1.5707963705062866, 4.71238899230957, 4.71238899230957, 1.0, 1.0, 1.0, 2.837609203534329, 0.8
Box, 3, -3.3323874473571777, 8.504937171936035, 10.804725646972656, 0.0, -0.0, 0.04537910595536232, 0.9998066425323486, 0.9002147912979126, 0.5799999237060547, 0.4999033212661743, 0.4501073956489563, 0.28999996185302734, -15.774698257446289, 10.073770523071289, 5.229205131530762, 1.5707963705062866, 4.71238899230957, 4.71238899230957, 1.0, 1.0, 1.0, 2.837609203534329, 0.8
Box, 3, -3.3323874473571777, 9.657715797424316, 8.967844009399414, 0.0, 0.0, -0.029203180223703384, 0.7999999523162842, 0.7999999523162842, 0.3999999761581421, 0.3999999761581421, 0.3999999761581421, 0.19999998807907104, -15.774698257446289, 10.073770523071289, 5.229205131530762, 1.5707963705062866, 4.71238899230957, 4.71238899230957, 1.0, 1.0, 1.0, 2.837609203534329, 0.8
Shelf, 0, -3.3323874473571777, 17.07377052307129, 0.3199999928474426, 0.0, -0.0, 1.5707963705062866, 6.892641544342041, 1.5471497774124146, 0.035973258316516876, 0.0341796875, 0.02499997802078724, 0.02499992959201336, -15.774698257446289, 10.073770523071289, 5.229205131530762, 1.5707963705062866, 4.71238899230957, 4.71238899230957, 1.0, 1.0, 1.0, 2.837609203534329, 0.8
Shelf, 1, -3.3323874473571777, 17.07377052307129, 3.1359479427337646, 0.0, -0.0, 1.5707963705062866, 6.892641544342041, 1.5471497774124146, 0.035973258316516876, 0.0341796875, 0.02499997802078724, 0.02499992959201336, -15.774698257446289, 10.073770523071289, 5.229205131530762, 1.5707963705062866, 4.71238899230957, 4.71238899230957, 1.0, 1.0, 1.0, 2.837609203534329, 0.8
Shelf, 2, -3.3323874473571777, 17.07377052307129, 5.9518961906433105, 0.0, -0.0, 1.5707963705062866, 6.892641544342041, 1.5471497774124146, 0.035973258316516876, 0.0341796875, 0.02499997802078724, 0.02499992959201336, -15.774698257446289, 10.073770523071289, 5.229205131530762, 1.5707963705062866, 4.71238899230957, 4.71238899230957, 1.0, 1.0, 1.0, 2.837609203534329, 0.8
Shelf, 3, -3.3323874473571777, 17.07377052307129, 8.767844200134277, 0.0, -0.0, 1.5707963705062866, 6.892641544342041, 1.5471497774124146, 0.035973258316516876, 0.0341796875, 0.02499997802078724, 0.02499992959201336, -15.774698257446289, 10.073770523071289, 5.229205131530762, 1.5707963705062866, 4.71238899230957, 4.71238899230957, 1.0, 1.0, 1.0, 2.837609203534329, 0.8
Box, 0, -3.3323874473571777, 14.703770637512207, 0.5195000171661377, 0.0, -0.0, 0.018912244588136673, 1.320419192314148, 1.679850697517395, 0.39866775274276733, 0.011003493331372738, 0.020998185500502586, 0.009000003337860107, -15.774698257446289, 10.073770523071289, 5.229205131530762, 1.5707963705062866, 4.71238899230957, 4.71238899230957, 1.0, 1.0, 1.0, 2.837609203534329, 0.8
Box, 0, -3.3323874473571777, 14.703770637512207, 0.9185000061988831, 0.0, -0.0, 0.042704466730356216, 1.3221498727798462, 1.6792455911636353, 0.39866775274276733, 0.011017915792763233, 0.02099062129855156, 0.009000003337860107, -15.774698257446289, 10.073770523071289, 5.229205131530762, 1.5707963705062866, 4.71238899230957, 4.71238899230957, 1.0, 1.0, 1.0, 2.837609203534329, 0.8
Box, 0, -3.3323874473571777, 14.703770637512207, 1.3174999952316284, 0.0, -0.0, 0.0096808560192585, 1.3201078176498413, 1.6799594163894653, 0.39866775274276733, 0.01100089866667986, 0.020999545231461525, 0.009000003337860107, -15.774698257446289, 10.073770523071289, 5.229205131530762, 1.5707963705062866, 4.71238899230957, 4.71238899230957, 1.0, 1.0, 1.0, 2.837609203534329, 0.8
Box, 0, -3.3323874473571777, 14.703770637512207, 1.7165000438690186, 0.0, 0.0, -0.0028315011877566576, 1.3200067281723022, 1.6799949407577515, 0.39866775274276733, 0.011000055819749832, 0.020999988541007042, 0.009000003337860107, -15.774698257446289, 10.073770523071289, 5.229205131530762, 1.5707963705062866, 4.71238899230957, 4.71238899230957, 1.0, 1.0, 1.0, 2.837609203534329, 0.8
Box, 0, -3.3323874473571777, 14.703770637512207, 2.115499973297119, 0.0, -0.0, 0.030611615628004074, 1.3211030960083008, 1.6796118021011353, 0.39866775274276733, 0.01100919209420681, 0.02099519968032837, 0.009000003337860107, -15.774698257446289, 10.073770523071289, 5.229205131530762, 1.5707963705062866, 4.71238899230957, 4.71238899230957, 1.0, 1.0, 1.0, 2.837609203534329, 0.8
Box, 0, -3.3323874473571777, 16.285991668701172, 0.5636299848556519, 0.0, 0.0, -0.03839016333222389, 1.3199970722198486, 0.8799958825111389, 0.4872594177722931, 0.01099997665733099, 0.01099997665733099, 0.010999977588653564, -15.774698257446289, 10.073770523071289, 5.229205131530762, 1.5707963705062866, 4.71238899230957, 4.71238899230957, 1.0, 1.0, 1.0, 2.837609203534329, 0.8
Box, 0, -3.3323874473571777, 16.285991668701172, 1.0508899688720703, 0.0, -0.0, 0.01813054271042347, 1.3199973106384277, 0.8799960017204285, 0.4872594177722931, 0.010999977588653564, 0.010999977588653564, 0.010999977588653564, -15.774698257446289, 10.073770523071289, 5.229205131530762, 1.5707963705062866, 4.71238899230957, 4.71238899230957, 1.0, 1.0, 1.0, 2.837609203534329, 0.8
Box, 0, -3.3323874473571777, 16.285991668701172, 1.5381499528884888, 0.0, 0.0, -0.023948201909661293, 1.3199973106384277, 0.8799960017204285, 0.4872594177722931, 0.010999977588653564, 0.010999977588653564, 0.010999977588653564, -15.774698257446289, 10.073770523071289, 5.229205131530762, 1.5707963705062866, 4.71238899230957, 4.71238899230957, 1.0, 1.0, 1.0, 2.837609203534329, 0.8
Box, 0, -3.3323874473571777, 16.285991668701172, 2.0254099369049072, 0.0, 0.0, -0.06327389925718307, 1.3199973106384277, 0.8799960017204285, 0.4872594177722931, 0.010999977588653564, 0.010999977588653564, 0.010999977588653564, -15.774698257446289, 10.073770523071289, 5.229205131530762, 1.5707963705062866, 4.71238899230957, 4.71238899230957, 1.0, 1.0, 1.0, 2.837609203534329, 0.8
Box, 0, -3.3323874473571777, 16.285991668701172, 2.5126700401306152, 0.0, 0.0, -0.086639404296875, 1.3199973106384277, 0.8799960017204285, 0.4872594177722931, 0.010999977588653564, 0.010999977588653564, 0.010999977588653564, -15.774698257446289, 10.073770523071289, 5.229205131530762, 1.5707963705062866, 4.71238899230957, 4.71238899230957, 1.0, 1.0, 1.0, 2.837609203534329, 0.8
Box, 0, -3.3323874473571777, 17.438213348388672, 0.5199999809265137, 0.0, -0.0, 0.08070946484804153, 0.7999999523162842, 0.7999999523162842, 0.3999999761581421, 0.3999999761581421, 0.3999999761581421, 0.19999998807907104, -15.774698257446289, 10.073770523071289, 5.229205131530762, 1.5707963705062866, 4.71238899230957, 4.71238899230957, 1.0, 1.0, 1.0, 2.837609203534329, 0.8
Box, 0, -3.3323874473571777, 17.438213348388672, 0.9200000166893005, 0.0, -0.0, 0.03289365768432617, 0.7999999523162842, 0.7999999523162842, 0.3999999761581421, 0.3999999761581421, 0.3999999761581421, 0.19999998807907104, -15.774698257446289, 10.073770523071289, 5.229205131530762, 1.5707963705062866, 4.71238899230957, 4.71238899230957, 1.0, 1.0, 1.0, 2.837609203534329, 0.8
Box, 0, -3.3323874473571777, 17.438213348388672, 1.3200000524520874, 0.0, 0.0, -0.03918886557221413, 0.7999999523162842, 0.7999999523162842, 0.3999999761581421, 0.3999999761581421, 0.3999999761581421, 0.19999998807907104, -15.774698257446289, 10.073770523071289, 5.229205131530762, 1.5707963705062866, 4.71238899230957, 4.71238899230957, 1.0, 1.0, 1.0, 2.837609203534329, 0.8
Box, 0, -3.3323874473571777, 17.438213348388672, 1.7200000286102295, 0.0, 0.0, -0.07366110384464264, 0.7999998331069946, 0.7999998331069946, 0.3999999761581421, 0.3999999463558197, 0.3999999463558197, 0.19999998807907104, -15.774698257446289, 10.073770523071289, 5.229205131530762, 1.5707963705062866, 4.71238899230957, 4.71238899230957, 1.0, 1.0, 1.0, 2.837609203534329, 0.8
Box, 0, -3.3323874473571777, 18.50665855407715, 0.7014999985694885, 0.0, 0.0, -0.07113675028085709, 0.9390099048614502, 0.7244588136672974, 0.7627946138381958, 0.0045523447915911674, 0.004997842479497194, 0.004999995231628418, -15.774698257446289, 10.073770523071289, 5.229205131530762, 1.5707963705062866, 4.71238899230957, 4.71238899230957, 1.0, 1.0, 1.0, 2.837609203534329, 0.8
Box, 1, -3.3323874473571777, 14.325992584228516, 3.379578113555908, 0.0, 0.0, -0.026546718552708626, 1.3199973106384277, 0.8799960017204285, 0.4872594177722931, 0.010999977588653564, 0.010999977588653564, 0.010999977588653564, -15.774698257446289, 10.073770523071289, 5.229205131530762, 1.5707963705062866, 4.71238899230957, 4.71238899230957, 1.0, 1.0, 1.0, 2.837609203534329, 0.8
Box, 1, -3.3323874473571777, 14.325992584228516, 3.866837978363037, 0.0, 0.0, -0.03846478834748268, 1.3199971914291382, 0.8799959421157837, 0.4872594177722931, 0.01099997665733099, 0.01099997665733099, 0.010999977588653564, -15.774698257446289, 10.073770523071289, 5.229205131530762, 1.5707963705062866, 4.71238899230957, 4.71238899230957, 1.0, 1.0, 1.0, 2.837609203534329, 0.8
Box, 1, -3.3323874473571777, 15.752765655517578, 3.426931142807007, 0.0, 0.0, -0.06234253570437431, 0.9955691695213318, 1.3688602447509766, 0.5820000171661377, 0.4977846145629883, 0.6844301819801331, 0.29100000858306885, -15.774698257446289, 10.073770523071289, 5.229205131530762, 1.5707963705062866, 4.71238899230957, 4.71238899230957, 1.0, 1.0, 1.0, 2.837609203534329, 0.8
Box, 1, -3.3323874473571777, 15.752765655517578, 4.008896827697754, 0.0, 0.0, -0.03653459995985031, 0.9945391416549683, 1.3696088790893555, 0.5820000171661377, 0.4972696006298065, 0.6848044395446777, 0.29100000858306885, -15.774698257446289, 10.073770523071289, 5.229205131530762, 1.5707963705062866, 4.71238899230957, 4.71238899230957, 1.0, 1.0, 1.0, 2.837609203534329, 0.8
Box, 1, -3.3323874473571777, 15.752765655517578, 4.590863227844238, 0.0, -0.0, 0.05903885141015053, 0.9954074621200562, 1.3689779043197632, 0.5820000171661377, 0.4977037310600281, 0.6844889521598816, 0.29100000858306885, -15.774698257446289, 10.073770523071289, 5.229205131530762, 1.5707963705062866, 4.71238899230957, 4.71238899230957, 1.0, 1.0, 1.0, 2.837609203534329, 0.8
Box, 1, -3.3323874473571777, 15.752765655517578, 5.1728291511535645, 0.0, -0.0, 0.012884746305644512, 0.9940670132637024, 1.369951605796814, 0.5820000171661377, 0.4970335364341736, 0.684975802898407, 0.29100000858306885, -15.774698257446289, 10.073770523071289, 5.229205131530762, 1.5707963705062866, 4.71238899230957, 4.71238899230957, 1.0, 1.0, 1.0, 2.837609203534329, 0.8
Box, 1, -3.3323874473571777, 17.17953872680664, 3.379578113555908, 0.0, 0.0, -0.05109858512878418, 1.3199973106384277, 0.8799960017204285, 0.4872594177722931, 0.010999977588653564, 0.010999977588653564, 0.010999977588653564, -15.774698257446289, 10.073770523071289, 5.229205131530762, 1.5707963705062866, 4.71238899230957, 4.71238899230957, 1.0, 1.0, 1.0, 2.837609203534329, 0.8
Box, 1, -3.3323874473571777, 17.17953872680664, 3.866837978363037, 0.0, -0.0, 0.061536554247140884, 1.3199973106384277, 0.8799960017204285, 0.4872594177722931, 0.010999977588653564, 0.010999977588653564, 0.010999977588653564, -15.774698257446289, 10.073770523071289, 5.229205131530762, 1.5707963705062866, 4.71238899230957, 4.71238899230957, 1.0, 1.0, 1.0, 2.837609203534329, 0.8
Box, 1, -3.3323874473571777, 17.17953872680664, 4.354097843170166, 0.0, 0.0, -0.016764642670750618, 1.3199971914291382, 0.8799959421157837, 0.4872594177722931, 0.01099997665733099, 0.01099997665733099, 0.010999977588653564, -15.774698257446289, 10.073770523071289, 5.229205131530762, 1.5707963705062866, 4.71238899230957, 4.71238899230957, 1.0, 1.0, 1.0, 2.837609203534329, 0.8
Box, 1, -3.3323874473571777, 17.17953872680664, 4.841358184814453, 0.0, 0.0, -0.04665948078036308, 1.3199973106384277, 0.8799960017204285, 0.4872594177722931, 0.010999977588653564, 0.010999977588653564, 0.010999977588653564, -15.774698257446289, 10.073770523071289, 5.229205131530762, 1.5707963705062866, 4.71238899230957, 4.71238899230957, 1.0, 1.0, 1.0, 2.837609203534329, 0.8
Box, 1, -3.3323874473571777, 17.17953872680664, 5.328618049621582, 0.0, -0.0, 0.019306901842355728, 1.3199973106384277, 0.8799960017204285, 0.4872594177722931, 0.010999977588653564, 0.010999977588653564, 0.010999977588653564, -15.774698257446289, 10.073770523071289, 5.229205131530762, 1.5707963705062866, 4.71238899230957, 4.71238899230957, 1.0, 1.0, 1.0, 2.837609203534329, 0.8
Box, 1, -3.3323874473571777, 18.370954513549805, 3.5406765937805176, 0.0, 0.0, -0.04520602524280548, 0.9191415905952454, 0.8754642605781555, 0.8094567656517029, 0.0045509361661970615, 0.004999125376343727, 0.004999995231628418, -15.774698257446289, 10.073770523071289, 5.229205131530762, 1.5707963705062866, 4.71238899230957, 4.71238899230957, 1.0, 1.0, 1.0, 2.837609203534329, 0.8
Box, 1, -3.3323874473571777, 18.370954513549805, 4.350133419036865, 0.0, 0.0, -0.01945403777062893, 0.9189842939376831, 0.8755884170532227, 0.8094567656517029, 0.004550157114863396, 0.0049998341128230095, 0.004999995231628418, -15.774698257446289, 10.073770523071289, 5.229205131530762, 1.5707963705062866, 4.71238899230957, 4.71238899230957, 1.0, 1.0, 1.0, 2.837609203534329, 0.8
Box, 1, -3.3323874473571777, 18.370954513549805, 5.159590721130371, 0.0, 0.0, -0.0867537260055542, 0.9196581244468689, 0.875056266784668, 0.8094567656517029, 0.004553493577986956, 0.0049967956729233265, 0.004999995231628418, -15.774698257446289, 10.073770523071289, 5.229205131530762, 1.5707963705062866, 4.71238899230957, 4.71238899230957, 1.0, 1.0, 1.0, 2.837609203534329, 0.8
Box, 1, -3.3323874473571777, 19.56237030029297, 3.379578113555908, 0.0, -0.0, 0.022912025451660156, 1.3199973106384277, 0.8799960017204285, 0.4872594177722931, 0.010999977588653564, 0.010999977588653564, 0.010999977588653564, -15.774698257446289, 10.073770523071289, 5.229205131530762, 1.5707963705062866, 4.71238899230957, 4.71238899230957, 1.0, 1.0, 1.0, 2.837609203534329, 0.8
Box, 2, -3.3323874473571777, 14.312965393066406, 6.356624603271484, 0.0, 0.0, -0.0418478287756443, 0.9191139340400696, 0.8754860758781433, 0.8094567656517029, 0.004550799261778593, 0.004999249707907438, 0.004999995231628418, -15.774698257446289, 10.073770523071289, 5.229205131530762, 1.5707963705062866, 4.71238899230957, 4.71238899230957, 1.0, 1.0, 1.0, 2.837609203534329, 0.8
Box, 2, -3.3323874473571777, 14.312965393066406, 7.166081428527832, 0.0, 0.0, -0.07910308986902237, 0.9195388555526733, 0.8751506209373474, 0.8094567656517029, 0.004552903119474649, 0.0049973344430327415, 0.004999995231628418, -15.774698257446289, 10.073770523071289, 5.229205131530762, 1.5707963705062866, 4.71238899230957, 4.71238899230957, 1.0, 1.0, 1.0, 2.837609203534329, 0.8
Box, 2, -3.3323874473571777, 14.312965393066406, 7.975538730621338, 0.0, 0.0, -0.07370509207248688, 0.9194610714912415, 0.8752118945121765, 0.8094567656517029, 0.004552518017590046, 0.00499768415465951, 0.004999995231628418, -15.774698257446289, 10.073770523071289, 5.229205131530762, 1.5707963705062866, 4.71238899230957, 4.71238899230957, 1.0, 1.0, 1.0, 2.837609203534329, 0.8
Box, 2, -3.3323874473571777, 15.50438117980957, 6.195526123046875, 0.0, 0.0, -0.07303214818239212, 1.3199973106384277, 0.8799960017204285, 0.4872594177722931, 0.010999977588653564, 0.010999977588653564, 0.010999977588653564, -15.774698257446289, 10.073770523071289, 5.229205131530762, 1.5707963705062866, 4.71238899230957, 4.71238899230957, 1.0, 1.0, 1.0, 2.837609203534329, 0.8
Box, 2, -3.3323874473571777, 17.08660316467285, 6.15139627456665, 0.0, -0.0, 0.07623802870512009, 1.3268673419952393, 1.67759108543396, 0.39866775274276733, 0.011057227849960327, 0.020969940349459648, 0.009000003337860107, -15.774698257446289, 10.073770523071289, 5.229205131530762, 1.5707963705062866, 4.71238899230957, 4.71238899230957, 1.0, 1.0, 1.0, 2.837609203534329, 0.8
Box, 2, -3.3323874473571777, 17.08660316467285, 6.550395965576172, 0.0, 0.0, -0.024981413036584854, 1.3207337856292725, 1.6797406673431396, 0.39866775274276733, 0.011006114073097706, 0.020996810868382454, 0.009000003337860107, -15.774698257446289, 10.073770523071289, 5.229205131530762, 1.5707963705062866, 4.71238899230957, 4.71238899230957, 1.0, 1.0, 1.0, 2.837609203534329, 0.8
Box, 2, -3.3323874473571777, 17.08660316467285, 6.949396133422852, 0.0, 0.0, -0.08991476148366928, 1.3295607566833496, 1.676642894744873, 0.39866775274276733, 0.01107967272400856, 0.02095808833837509, 0.009000003337860107, -15.774698257446289, 10.073770523071289, 5.229205131530762, 1.5707963705062866, 4.71238899230957, 4.71238899230957, 1.0, 1.0, 1.0, 2.837609203534329, 0.8
Box, 2, -3.3323874473571777, 17.08660316467285, 7.348396301269531, 0.0, 0.0, -0.06921093910932541, 1.3256571292877197, 1.678016185760498, 0.39866775274276733, 0.011047142557799816, 0.020975254476070404, 0.009000003337860107, -15.774698257446289, 10.073770523071289, 5.229205131530762, 1.5707963705062866, 4.71238899230957, 4.71238899230957, 1.0, 1.0, 1.0, 2.837609203534329, 0.8
Box, 2, -3.3323874473571777, 17.08660316467285, 7.747395992279053, 0.0, -0.0, 0.07415036112070084, 1.3264954090118408, 1.6777215003967285, 0.39866775274276733, 0.011054129339754581, 0.020971572026610374, 0.009000003337860107, -15.774698257446289, 10.073770523071289, 5.229205131530762, 1.5707963705062866, 4.71238899230957, 4.71238899230957, 1.0, 1.0, 1.0, 2.837609203534329, 0.8
Box, 2, -3.3323874473571777, 18.6688232421875, 6.195526123046875, 0.0, 0.0, -0.040802001953125, 1.3199973106384277, 0.8799960017204285, 0.4872594177722931, 0.010999977588653564, 0.010999977588653564, 0.010999977588653564, -15.774698257446289, 10.073770523071289, 5.229205131530762, 1.5707963705062866, 4.71238899230957, 4.71238899230957, 1.0, 1.0, 1.0, 2.837609203534329, 0.8
Box, 3, -3.3323874473571777, 14.548322677612305, 9.05882740020752, 0.0, 0.0, -0.05050346255302429, 0.9950300455093384, 1.369252324104309, 0.5820000171661377, 0.4975150227546692, 0.6846261620521545, 0.29100000858306885, -15.774698257446289, 10.073770523071289, 5.229205131530762, 1.5707963705062866, 4.71238899230957, 4.71238899230957, 1.0, 1.0, 1.0, 2.837609203534329, 0.8
Box, 3, -3.3323874473571777, 14.548322677612305, 9.640792846679688, 0.0, -0.0, 0.05293071269989014, 0.9951313734054565, 1.3691785335540771, 0.5820000171661377, 0.49756571650505066, 0.6845893263816833, 0.29100000858306885, -15.774698257446289, 10.073770523071289, 5.229205131530762, 1.5707963705062866, 4.71238899230957, 4.71238899230957, 1.0, 1.0, 1.0, 2.837609203534329, 0.8
Box, 3, -3.3323874473571777, 14.548322677612305, 10.222759246826172, 0.0, -0.0, 0.02292856201529503, 0.9942124485969543, 1.369846224784851, 0.5820000171661377, 0.4971061944961548, 0.6849231123924255, 0.29100000858306885, -15.774698257446289, 10.073770523071289, 5.229205131530762, 1.5707963705062866, 4.71238899230957, 4.71238899230957, 1.0, 1.0, 1.0, 2.837609203534329, 0.8
Box, 3, -3.3323874473571777, 14.548322677612305, 10.804725646972656, 0.0, -0.0, 0.03764893114566803, 0.9945725202560425, 1.3695846796035767, 0.5820000171661377, 0.49728626012802124, 0.6847923398017883, 0.29100000858306885, -15.774698257446289, 10.073770523071289, 5.229205131530762, 1.5707963705062866, 4.71238899230957, 4.71238899230957, 1.0, 1.0, 1.0, 2.837609203534329, 0.8
Box, 3, -3.3323874473571777, 17.851320266723633, 9.149344444274902, 0.0, -0.0, 0.008881336078047752, 0.9385296106338501, 0.724765956401825, 0.7627946138381958, 0.004550016950815916, 0.004999961704015732, 0.004999995231628418, -15.774698257446289, 10.073770523071289, 5.229205131530762, 1.5707963705062866, 4.71238899230957, 4.71238899230957, 1.0, 1.0, 1.0, 2.837609203534329, 0.8
Box, 3, -3.3323874473571777, 17.851320266723633, 9.912343978881836, 0.0, 0.0, -0.08061308413743973, 0.9391481280326843, 0.7243703007698059, 0.7627946138381958, 0.004553015343844891, 0.0049972315318882465, 0.004999995231628418, -15.774698257446289, 10.073770523071289, 5.229205131530762, 1.5707963705062866, 4.71238899230957, 4.71238899230957, 1.0, 1.0, 1.0, 2.837609203534329, 0.8
Box, 3, -3.3323874473571777, 17.851320266723633, 10.675344467163086, 0.0, -0.0, 0.026609530672430992, 0.938590407371521, 0.7247271537780762, 0.7627946138381958, 0.0045503112487494946, 0.0049996934831142426, 0.004999995231628418, -15.774698257446289, 10.073770523071289, 5.229205131530762, 1.5707963705062866, 4.71238899230957, 4.71238899230957, 1.0, 1.0, 1.0, 2.837609203534329, 0.8
