Shelf, 0, -19.99432373046875, -17.92622947692871, 0.3199999928474426, 0.0, -0.0, 1.5707963705062866, 6.892641544342041, 1.5471497774124146, 0.035973258316516876, 0.0341796875, 0.02499997802078724, 0.02499992959201336, -7.718565940856934, -10.926229476928711, 5.0945539474487305, 1.5707963705062866, 1.5707963705062866, 1.5707963705062866, 1.0, 1.0, 1.0, 2.837609203534329, 0.8
Shelf, 1, -19.99432373046875, -17.92622947692871, 3.1359479427337646, 0.0, -0.0, 1.5707963705062866, 6.892641544342041, 1.5471497774124146, 0.035973258316516876, 0.0341796875, 0.02499997802078724, 0.02499992959201336, -7.718565940856934, -10.926229476928711, 5.0945539474487305, 1.5707963705062866, 1.5707963705062866, 1.5707963705062866, 1.0, 1.0, 1.0, 2.837609203534329, 0.8
Shelf, 2, -19.99432373046875, -17.92622947692871, 5.9518961906433105, 0.0, -0.0, 1.5707963705062866, 6.892641544342041, 1.5471497774124146, 0.035973258316516876, 0.0341796875, 0.02499997802078724, 0.02499992959201336, -7.718565940856934, -10.926229476928711, 5.0945539474487305, 1.5707963705062866, 1.5707963705062866, 1.5707963705062866, 1.0, 1.0, 1.0, 2.837609203534329, 0.8
Shelf, 3, -19.99432373046875, -17.92622947692871, 8.767844200134277, 0.0, -0.0, 1.5707963705062866, 6.892641544342041, 1.5471497774124146, 0.035973258316516876, 0.0341796875, 0.02499997802078724, 0.02499992959201336, -7.718565940856934, -10.926229476928711, 5.0945539474487305, 1.5707963705062866, 1.5707963705062866, 1.5707963705062866, 1.0, 1.0, 1.0, 2.837609203534329, 0.8
Box, 0, -19.99432373046875, -18.714008331298828, 0.5636299848556519, 0.0, -0.0, 0.04557681083679199, 1.3199973106384277, 0.8799960017204285, 0.4872594177722931, 0.010999977588653564, 0.010999977588653564, 0.010999977588653564, -7.718565940856934, -10.926229476928711, 5.0945539474487305, 1.5707963705062866, 1.5707963705062866, 1.5707963705062866, 1.0, 1.0, 1.0, 2.837609203534329, 0.8
Box, 0, -19.99432373046875, -18.714008331298828, 1.0508899688720703, 0.0, 0.0, -0.05204224959015846, 1.3199973106384277, 0.8799960017204285, 0.4872594177722931, 0.010999977588653564, 0.010999977588653564, 0.010999977588653564, -7.718565940856934, -10.926229476928711, 5.0945539474487305, 1.5707963705062866, 1.5707963705062866, 1.5707963705062866, 1.0, 1.0, 1.0, 2.837609203534329, 0.8
Box, 0, -19.99432373046875, -18.714008331298828, 1.5381499528884888, 0.0, -0.0, 0.02686476893723011, 1.3199973106384277, 0.8799960017204285, 0.4872594177722931, 0.010999977588653564, 0.010999977588653564, 0.010999977588653564, -7.718565940856934, -10.926229476928711, 5.0945539474487305, 1.5707963705062866, 1.5707963705062866, 1.5707963705062866, 1.0, 1.0, 1.0, 2.837609203534329, 0.8
Box, 0, -19.99432373046875, -17.561786651611328, 0.5199999809265137, 0.0, -0.0, 0.04781104624271393, 0.7999998927116394, 0.7999998927116394, 0.3999999761581421, 0.3999999463558197, 0.3999999463558197, 0.19999998807907104, -7.718565940856934, -10.926229476928711, 5.0945539474487305, 1.5707963705062866, 1.5707963705062866, 1.5707963705062866, 1.0, 1.0, 1.0, 2.837609203534329, 0.8
Box, 0, -19.99432373046875, -17.561786651611328, 0.9200000166893005, 0.0, -0.0, 0.04731275141239166, 0.8000000715255737, 0.8000000715255737, 0.3999999761581421, 0.4000000059604645, 0.4000000059604645, 0.19999998807907104, -7.718565940856934, -10.926229476928711, 5.0945539474487305, 1.5707963705062866, 1.5707963705062866, 1.5707963705062866, 1.0, 1.0, 1.0, 2.837609203534329, 0.8
Box, 0, -19.99432373046875, -16.4617862701416, 0.5199999809265137, 0.0, 0.0, -0.07431937009096146, 0.7999999523162842, 0.7999999523162842, 0.3999999761581421, 0.3999999761581421, 0.3999999761581421, 0.19999998807907104, -7.718565940856934, -10.926229476928711, 5.0945539474487305, 1.5707963705062866, 1.5707963705062866, 1.5707963705062866, 1.0, 1.0, 1.0, 2.837609203534329, 0.8
Box, 0, -19.99432373046875, -16.4617862701416, 0.9200000166893005, 0.0, -0.0, 0.016854049637913704, 0.800000011920929, 0.800000011920929, 0.3999999761581421, 0.4000000059604645, 0.4000000059604645, 0.19999998807907104, -7.718565940856934, -10.926229476928711, 5.0945539474487305, 1.5707963705062866, 1.5707963705062866, 1.5707963705062866, 1.0, 1.0, 1.0, 2.837609203534329, 0.8
Box, 0, -19.99432373046875, -16.4617862701416, 1.3200000524520874, 0.0, -0.0, 0.06543684005737305, 0.7999999523162842, 0.7999999523162842, 0.3999999761581421, 0.3999999761581421, 0.3999999761581421, 0.19999998807907104, -7.718565940856934, -10.926229476928711, 5.0945539474487305, 1.5707963705062866, 1.5707963705062866, 1.5707963705062866, 1.0, 1.0, 1.0, 2.837609203534329, 0.8
Box, 0, -19.99432373046875, -16.4617862701416, 1.7200000286102295, 0.0, -0.0, 0.024633409455418587, 0.7999999523162842, 0.7999999523162842, 0.3999999761581421, 0.3999999761581421, 0.3999999761581421, 0.19999998807907104, -7.718565940856934, -10.926229476928711, 5.0945539474487305, 1.5707963705062866, 1.5707963705062866, 1.5707963705062866, 1.0, 1.0, 1.0, 2.837609203534329, 0.8
Box, 0, -19.99432373046875, -16.4617862701416, 2.119999885559082, 0.0, -0.0, 1.52587890625e-05, 0.7999999523162842, 0.7999999523162842, 0.3999999761581421, 0.3999999761581421, 0.3999999761581421, 0.19999998807907104, -7.718565940856934, -10.926229476928711, 5.0945539474487305, 1.5707963705062866, 1.5707963705062866, 1.5707963705062866, 1.0, 1.0, 1.0, 2.837609203534329, 0.8
Box, 0, -19.99432373046875, -16.4617862701416, 2.5199999809265137, 0.0, -0.0, 0.04942775145173073, 0.7999999523162842, 0.7999999523162842, 0.3999999761581421, 0.3999999761581421, 0.3999999761581421, 0.19999998807907104, -7.718565940856934, -10.926229476928711, 5.0945539474487305, 1.5707963705062866, 1.5707963705062866, 1.5707963705062866, 1.0, 1.0, 1.0, 2.837609203534329, 0.8
Box, 1, -19.99432373046875, -20.687034606933594, 3.5406765937805176, 0.0, 0.0, -0.05813959613442421, 0.9192677140235901, 0.8753647208213806, 0.8094567656517029, 0.004551560617983341, 0.004998556803911924, 0.004999995231628418, -7.718565940856934, -10.926229476928711, 5.0945539474487305, 1.5707963705062866, 1.5707963705062866, 1.5707963705062866, 1.0, 1.0, 1.0, 2.837609203534329, 0.8
Box, 1, -19.99432373046875, -20.687034606933594, 4.350133419036865, 0.0, -0.0, 0.08669386059045792, 0.9196571707725525, 0.87505704164505, 0.8094567656517029, 0.0045534889213740826, 0.004996799863874912, 0.004999995231628418, -7.718565940856934, -10.926229476928711, 5.0945539474487305, 1.5707963705062866, 1.5707963705062866, 1.5707963705062866, 1.0, 1.0, 1.0, 2.837609203534329, 0.8
Box, 1, -19.99432373046875, -20.687034606933594, 5.159590721130371, 0.0, 0.0, -0.0011813535820692778, 0.9189486503601074, 0.8756164312362671, 0.8094567656517029, 0.004549980629235506, 0.004999994300305843, 0.004999995231628418, -7.718565940856934, -10.926229476928711, 5.0945539474487305, 1.5707963705062866, 1.5707963705062866, 1.5707963705062866, 1.0, 1.0, 1.0, 2.837609203534329, 0.8
Box, 1, -19.99432373046875, -19.49506187438965, 3.426931142807007, 0.0, -0.0, 0.046849776059389114, 0.9997939467430115, 0.9002289772033691, 0.5799999237060547, 0.49989697337150574, 0.45011448860168457, 0.28999996185302734, -7.718565940856934, -10.926229476928711, 5.0945539474487305, 1.5707963705062866, 1.5707963705062866, 1.5707963705062866, 1.0, 1.0, 1.0, 2.837609203534329, 0.8
Box, 1, -19.99432373046875, -19.49506187438965, 4.008896827697754, 0.0, -0.0, 0.06551092118024826, 0.9995972514152527, 0.900447428226471, 0.5799999237060547, 0.49979862570762634, 0.4502236843109131, 0.28999996185302734, -7.718565940856934, -10.926229476928711, 5.0945539474487305, 1.5707963705062866, 1.5707963705062866, 1.5707963705062866, 1.0, 1.0, 1.0, 2.837609203534329, 0.8
Box, 1, -19.99432373046875, -19.49506187438965, 4.590863227844238, 0.0, 0.0, -0.03056027740240097, 0.9999122619628906, 0.9000974297523499, 0.5799999237060547, 0.4999561309814453, 0.4500487148761749, 0.28999996185302734, -7.718565940856934, -10.926229476928711, 5.0945539474487305, 1.5707963705062866, 1.5707963705062866, 1.5707963705062866, 1.0, 1.0, 1.0, 2.837609203534329, 0.8
Box, 1, -19.99432373046875, -19.49506187438965, 5.1728291511535645, 0.0, -0.0, 0.032612625509500504, 0.9999001026153564, 0.9001109600067139, 0.5799999237060547, 0.4999500513076782, 0.45005548000335693, 0.28999996185302734, -7.718565940856934, -10.926229476928711, 5.0945539474487305, 1.5707963705062866, 1.5707963705062866, 1.5707963705062866, 1.0, 1.0, 1.0, 2.837609203534329, 0.8
Box, 1, -19.99432373046875, -18.303091049194336, 3.5406765937805176, 0.0, 0.0, -0.04648976773023605, 0.9191526174545288, 0.8754554986953735, 0.8094567656517029, 0.0045509906485676765, 0.004999075084924698, 0.004999995231628418, -7.718565940856934, -10.926229476928711, 5.0945539474487305, 1.5707963705062866, 1.5707963705062866, 1.5707963705062866, 1.0, 1.0, 1.0, 2.837609203534329, 0.8
Box, 1, -19.99432373046875, -18.303091049194336, 4.350133419036865, 0.0, -0.0, 0.06115490943193436, 0.9193016886711121, 0.8753378987312317, 0.8094567656517029, 0.004551728721708059, 0.0049984036013484, 0.004999995231628418, -7.718565940856934, -10.926229476928711, 5.0945539474487305, 1.5707963705062866, 1.5707963705062866, 1.5707963705062866, 1.0, 1.0, 1.0, 2.837609203534329, 0.8
Box, 1, -19.99432373046875, -18.303091049194336, 5.159590721130371, 0.0, -0.0, 0.03297898545861244, 0.9190513491630554, 0.8755354881286621, 0.8094567656517029, 0.004550489131361246, 0.004999531898647547, 0.004999995231628418, -7.718565940856934, -10.926229476928711, 5.0945539474487305, 1.5707963705062866, 1.5707963705062866, 1.5707963705062866, 1.0, 1.0, 1.0, 2.837609203534329, 0.8
Box, 1, -19.99432373046875, -17.163896560668945, 3.3359479904174805, 0.0, -0.0, 0.06014324352145195, 0.800000011920929, 0.800000011920929, 0.3999999761581421, 0.4000000059604645, 0.4000000059604645, 0.19999998807907104, -7.718565940856934, -10.926229476928711, 5.0945539474487305, 1.5707963705062866, 1.5707963705062866, 1.5707963705062866, 1.0, 1.0, 1.0, 2.837609203534329, 0.8
Box, 1, -19.99432373046875, -17.163896560668945, 3.735948085784912, 0.0, -0.0, 0.07773017138242722, 0.8000000715255737, 0.8000000715255737, 0.3999999761581421, 0.4000000059604645, 0.4000000059604645, 0.19999998807907104, -7.718565940856934, -10.926229476928711, 5.0945539474487305, 1.5707963705062866, 1.5707963705062866, 1.5707963705062866, 1.0, 1.0, 1.0, 2.837609203534329, 0.8
Box, 1, -19.99432373046875, -17.163896560668945, 4.135948181152344, 0.0, -0.0, 0.06586384773254395, 0.7999998927116394, 0.7999998927116394, 0.3999999761581421, 0.3999999463558197, 0.3999999463558197, 0.19999998807907104, -7.718565940856934, -10.926229476928711, 5.0945539474487305, 1.5707963705062866, 1.5707963705062866, 1.5707963705062866, 1.0, 1.0, 1.0, 2.837609203534329, 0.8
Box, 1, -19.99432373046875, -15.78934383392334, 3.426931142807007, 0.0, -0.0, 0.03808377683162689, 0.9945859313011169, 1.369575023651123, 0.5820000171661377, 0.4972929358482361, 0.6847875118255615, 0.29100000858306885, -7.718565940856934, -10.926229476928711, 5.0945539474487305, 1.5707963705062866, 1.5707963705062866, 1.5707963705062866, 1.0, 1.0, 1.0, 2.837609203534329, 0.8
Box, 1, -19.99432373046875, -15.78934383392334, 4.008896827697754, 0.0, 0.0, -0.0427921861410141, 0.9947395920753479, 1.3694632053375244, 0.5820000171661377, 0.49736979603767395, 0.684731662273407, 0.29100000858306885, -7.718565940856934, -10.926229476928711, 5.0945539474487305, 1.5707963705062866, 1.5707963705062866, 1.5707963705062866, 1.0, 1.0, 1.0, 2.837609203534329, 0.8
Box, 1, -19.99432373046875, -15.78934383392334, 4.590863227844238, 0.0, 0.0, -0.09123972803354263, 0.9973581433296204, 1.367557406425476, 0.5820000171661377, 0.4986790716648102, 0.683778703212738, 0.29100000858306885, -7.718565940856934, -10.926229476928711, 5.0945539474487305, 1.5707963705062866, 1.5707963705062866, 1.5707963705062866, 1.0, 1.0, 1.0, 2.837609203534329, 0.8
Box, 1, -19.99432373046875, -15.78934383392334, 5.1728291511535645, 0.0, -0.0, 0.027262305840849876, 0.9943002462387085, 1.3697822093963623, 0.5820000171661377, 0.49715009331703186, 0.6848911046981812, 0.29100000858306885, -7.718565940856934, -10.926229476928711, 5.0945539474487305, 1.5707963705062866, 1.5707963705062866, 1.5707963705062866, 1.0, 1.0, 1.0, 2.837609203534329, 0.8
Box, 2, -19.99432373046875, -19.49506187438965, 6.2428789138793945, 0.0, 0.0, -0.02679215930402279, 0.9999325275421143, 0.9000749588012695, 0.5799999237060547, 0.49996626377105713, 0.45003747940063477, 0.28999996185302734, -7.718565940856934, -10.926229476928711, 5.0945539474487305, 1.5707963705062866, 1.5707963705062866, 1.5707963705062866, 1.0, 1.0, 1.0, 2.837609203534329, 0.8
Box, 2, -19.99432373046875, -19.49506187438965, 6.824845314025879, 0.0, 0.0, -0.08311019092798233, 0.999352216720581, 0.9007193446159363, 0.5799999237060547, 0.49967607855796814, 0.45035967230796814, 0.28999996185302734, -7.718565940856934, -10.926229476928711, 5.0945539474487305, 1.5707963705062866, 1.5707963705062866, 1.5707963705062866, 1.0, 1.0, 1.0, 2.837609203534329, 0.8
Box, 2, -19.99432373046875, -19.49506187438965, 7.406811237335205, 0.0, -0.0, 0.00840370636433363, 0.9999933242797852, 0.9000073671340942, 0.5799999237060547, 0.4999966621398926, 0.4500036835670471, 0.28999996185302734, -7.718565940856934, -10.926229476928711, 5.0945539474487305, 1.5707963705062866, 1.5707963705062866, 1.5707963705062866, 1.0, 1.0, 1.0, 2.837609203534329, 0.8
Box, 2, -19.99432373046875, -19.49506187438965, 7.988777160644531, 0.0, -0.0, 0.0674375370144844, 0.9995732307434082, 0.9004740118980408, 0.5799999237060547, 0.4997866153717041, 0.4502370059490204, 0.28999996185302734, -7.718565940856934, -10.926229476928711, 5.0945539474487305, 1.5707963705062866, 1.5707963705062866, 1.5707963705062866, 1.0, 1.0, 1.0, 2.837609203534329, 0.8
Box, 2, -19.99432373046875, -18.290063858032227, 6.195526123046875, 0.0, -0.0, 0.034420255571603775, 1.3199973106384277, 0.8799960017204285, 0.4872594177722931, 0.010999977588653564, 0.010999977588653564, 0.010999977588653564, -7.718565940856934, -10.926229476928711, 5.0945539474487305, 1.5707963705062866, 1.5707963705062866, 1.5707963705062866, 1.0, 1.0, 1.0, 2.837609203534329, 0.8
Box, 2, -19.99432373046875, -18.290063858032227, 6.682785987854004, 0.0, -0.0, 0.011085988953709602, 1.3199973106384277, 0.8799960017204285, 0.4872594177722931, 0.010999977588653564, 0.010999977588653564, 0.010999977588653564, -7.718565940856934, -10.926229476928711, 5.0945539474487305, 1.5707963705062866, 1.5707963705062866, 1.5707963705062866, 1.0, 1.0, 1.0, 2.837609203534329, 0.8
Box, 2, -19.99432373046875, -16.707841873168945, 6.15139627456665, 0.0, 0.0, -0.08968816697597504, 1.3295124769210815, 1.676660180091858, 0.39866775274276733, 0.011079270392656326, 0.020958302542567253, 0.009000003337860107, -7.718565940856934, -10.926229476928711, 5.0945539474487305, 1.5707963705062866, 1.5707963705062866, 1.5707963705062866, 1.0, 1.0, 1.0, 2.837609203534329, 0.8
Box, 2, -19.99432373046875, -16.707841873168945, 6.550395965576172, 0.0, 0.0, -0.042166512459516525, 1.3220958709716797, 1.6792644262313843, 0.39866775274276733, 0.011017465963959694, 0.020990857854485512, 0.009000003337860107, -7.718565940856934, -10.926229476928711, 5.0945539474487305, 1.5707963705062866, 1.5707963705062866, 1.5707963705062866, 1.0, 1.0, 1.0, 2.837609203534329, 0.8
Box, 2, -19.99432373046875, -16.707841873168945, 6.949396133422852, 0.0, 0.0, -0.08347804844379425, 1.3282374143600464, 1.6771090030670166, 0.39866775274276733, 0.011068644933402538, 0.020963914692401886, 0.009000003337860107, -7.718565940856934, -10.926229476928711, 5.0945539474487305, 1.5707963705062866, 1.5707963705062866, 1.5707963705062866, 1.0, 1.0, 1.0, 2.837609203534329, 0.8
Box, 2, -19.99432373046875, -16.707841873168945, 7.348396301269531, 0.0, -0.0, 0.027145925909280777, 1.3208669424057007, 1.6796941757202148, 0.39866775274276733, 0.011007223278284073, 0.020996229723095894, 0.009000003337860107, -7.718565940856934, -10.926229476928711, 5.0945539474487305, 1.5707963705062866, 1.5707963705062866, 1.5707963705062866, 1.0, 1.0, 1.0, 2.837609203534329, 0.8
Box, 2, -19.99432373046875, -16.707841873168945, 7.747395992279053, 0.0, 0.0, -0.05831528455018997, 1.3240134716033936, 1.6785929203033447, 0.39866775274276733, 0.011033444665372372, 0.020982462912797928, 0.009000003337860107, -7.718565940856934, -10.926229476928711, 5.0945539474487305, 1.5707963705062866, 1.5707963705062866, 1.5707963705062866, 1.0, 1.0, 1.0, 2.837609203534329, 0.8
Box, 2, -19.99432373046875, -16.707841873168945, 8.146395683288574, 0.0, -0.0, 0.10353156179189682, 1.332688331604004, 1.6755388975143433, 0.39866775274276733, 0.011105735786259174, 0.02094428800046444, 0.009000003337860107, -7.718565940856934, -10.926229476928711, 5.0945539474487305, 1.5707963705062866, 1.5707963705062866, 1.5707963705062866, 1.0, 1.0, 1.0, 2.837609203534329, 0.8
Box, 2, -19.99432373046875, -15.209397315979004, 6.333395957946777, 0.0, 0.0, -0.039042506366968155, 0.9386692047119141, 0.724676787853241, 0.7627946138381958, 0.004550693091005087, 0.004999346099793911, 0.004999995231628418, -7.718565940856934, -10.926229476928711, 5.0945539474487305, 1.5707963705062866, 1.5707963705062866, 1.5707963705062866, 1.0, 1.0, 1.0, 2.837609203534329, 0.8
Box, 2, -19.99432373046875, -15.209397315979004, 7.096395969390869, 0.0, 0.0, -0.023929346352815628, 0.9385774731636047, 0.7247354984283447, 0.7627946138381958, 0.004550247918814421, 0.004999751225113869, 0.004999995231628418, -7.718565940856934, -10.926229476928711, 5.0945539474487305, 1.5707963705062866, 1.5707963705062866, 1.5707963705062866, 1.0, 1.0, 1.0, 2.837609203534329, 0.8
Box, 2, -19.99432373046875, -15.209397315979004, 7.859395980834961, 0.0, -0.0, 0.016466086730360985, 0.9385483860969543, 0.7247542142868042, 0.7627946138381958, 0.0045501068234443665, 0.004999879747629166, 0.004999995231628418, -7.718565940856934, -10.926229476928711, 5.0945539474487305, 1.5707963705062866, 1.5707963705062866, 1.5707963705062866, 1.0, 1.0, 1.0, 2.837609203534329, 0.8
Box, 3, -19.99432373046875, -20.296228408813477, 8.967344284057617, 0.0, -0.0, 0.0006215231842361391, 1.3199979066848755, 1.6799979209899902, 0.39866775274276733, 0.010999982245266438, 0.021000025793910027, 0.009000003337860107, -7.718565940856934, -10.926229476928711, 5.0945539474487305, 1.5707963705062866, 1.5707963705062866, 1.5707963705062866, 1.0, 1.0, 1.0, 2.837609203534329, 0.8
Box, 3, -19.99432373046875, -20.296228408813477, 9.366344451904297, 0.0, -0.0, 0.08440936356782913, 1.3284226655960083, 1.6770439147949219, 0.39866775274276733, 0.01107018906623125, 0.020963100716471672, 0.009000003337860107, -7.718565940856934, -10.926229476928711, 5.0945539474487305, 1.5707963705062866, 1.5707963705062866, 1.5707963705062866, 1.0, 1.0, 1.0, 2.837609203534329, 0.8
Box, 3, -19.99432373046875, -18.79778480529785, 9.149344444274902, 0.0, 0.0, -0.07715422660112381, 0.939095675945282, 0.7244039177894592, 0.7627946138381958, 0.004552760627120733, 0.004997463431209326, 0.004999995231628418, -7.718565940856934, -10.926229476928711, 5.0945539474487305, 1.5707963705062866, 1.5707963705062866, 1.5707963705062866, 1.0, 1.0, 1.0, 2.837609203534329, 0.8
Box, 3, -19.99432373046875, -18.79778480529785, 9.912343978881836, 0.0, -0.0, 0.07469536364078522, 0.9390597343444824, 0.7244269251823425, 0.7627946138381958, 0.00455258646979928, 0.004997622221708298, 0.004999995231628418, -7.718565940856934, -10.926229476928711, 5.0945539474487305, 1.5707963705062866, 1.5707963705062866, 1.5707963705062866, 1.0, 1.0, 1.0, 2.837609203534329, 0.8
Box, 3, -19.99432373046875, -18.79778480529785, 10.675344467163086, 0.0, -0.0, 0.046988796442747116, 0.9387351870536804, 0.72463458776474, 0.7627946138381958, 0.004551013000309467, 0.004999055061489344, 0.004999995231628418, -7.718565940856934, -10.926229476928711, 5.0945539474487305, 1.5707963705062866, 1.5707963705062866, 1.5707963705062866, 1.0, 1.0, 1.0, 2.837609203534329, 0.8
Box, 3, -19.99432373046875, -17.676563262939453, 9.05882740020752, 0.0, 0.0, -0.056205421686172485, 0.9997034072875977, 0.9003293514251709, 0.5799999237060547, 0.49985170364379883, 0.45016467571258545, 0.28999996185302734, -7.718565940856934, -10.926229476928711, 5.0945539474487305, 1.5707963705062866, 1.5707963705062866, 1.5707963705062866, 1.0, 1.0, 1.0, 2.837609203534329, 0.8
Box, 3, -19.99432373046875, -17.676563262939453, 9.640792846679688, 0.0, -0.0, 0.06730787456035614, 0.9995747804641724, 0.9004722237586975, 0.5799999237060547, 0.49978742003440857, 0.45023611187934875, 0.28999996185302734, -7.718565940856934, -10.926229476928711, 5.0945539474487305, 1.5707963705062866, 1.5707963705062866, 1.5707963705062866, 1.0, 1.0, 1.0, 2.837609203534329, 0.8
Box, 3, -19.99432373046875, -16.09378433227539, 8.967344284057617, 0.0, -0.0, 0.10097131133079529, 1.3320661783218384, 1.675758957862854, 0.39866775274276733, 0.01110055111348629, 0.020947039127349854, 0.009000003337860107, -7.718565940856934, -10.926229476928711, 5.0945539474487305, 1.5707963705062866, 1.5707963705062866, 1.5707963705062866, 1.0, 1.0, 1.0, 2.837609203534329, 0.8
Shelf, 0, -19.99432373046875, -10.926229476928711, 0.3199999928474426, 0.0, -0.0, 1.5707963705062866, 6.892641544342041, 1.5471497774124146, 0.035973258316516876, 0.0341796875, 0.02499997802078724, 0.02499992959201336, -7.718565940856934, -10.926229476928711, 5.0945539474487305, 1.5707963705062866, 1.5707963705062866, 1.5707963705062866, 1.0, 1.0, 1.0, 2.837609203534329, 0.8
Shelf, 1, -19.99432373046875, -10.926229476928711, 3.1359479427337646, 0.0, -0.0, 1.5707963705062866, 6.892641544342041, 1.5471497774124146, 0.035973258316516876, 0.0341796875, 0.02499997802078724, 0.02499992959201336, -7.718565940856934, -10.926229476928711, 5.0945539474487305, 1.5707963705062866, 1.5707963705062866, 1.5707963705062866, 1.0, 1.0, 1.0, 2.837609203534329, 0.8
Shelf, 2, -19.99432373046875, -10.926229476928711, 5.9518961906433105, 0.0, -0.0, 1.5707963705062866, 6.892641544342041, 1.5471497774124146, 0.035973258316516876, 0.0341796875, 0.02499997802078724, 0.02499992959201336, -7.718565940856934, -10.926229476928711, 5.0945539474487305, 1.5707963705062866, 1.5707963705062866, 1.5707963705062866, 1.0, 1.0, 1.0, 2.837609203534329, 0.8
Shelf, 3, -19.99432373046875, -10.926229476928711, 8.767844200134277, 0.0, -0.0, 1.5707963705062866, 6.892641544342041, 1.5471497774124146, 0.035973258316516876, 0.0341796875, 0.02499997802078724, 0.02499992959201336, -7.718565940856934, -10.926229476928711, 5.0945539474487305, 1.5707963705062866, 1.5707963705062866, 1.5707963705062866, 1.0, 1.0, 1.0, 2.837609203534329, 0.8
Box, 0, -19.99432373046875, -13.674007415771484, 0.5636299848556519, 0.0, -0.0, 0.021741392090916634, 1.3199973106384277, 0.8799960017204285, 0.4872594177722931, 0.010999977588653564, 0.010999977588653564, 0.010999977588653564, -7.718565940856934, -10.926229476928711, 5.0945539474487305, 1.5707963705062866, 1.5707963705062866, 1.5707963705062866, 1.0, 1.0, 1.0, 2.837609203534329, 0.8
Box, 0, -19.99432373046875, -13.674007415771484, 1.0508899688720703, 0.0, -0.0, 0.007848024368286133, 1.3199973106384277, 0.8799960017204285, 0.4872594177722931, 0.010999977588653564, 0.010999977588653564, 0.010999977588653564, -7.718565940856934, -10.926229476928711, 5.0945539474487305, 1.5707963705062866, 1.5707963705062866, 1.5707963705062866, 1.0, 1.0, 1.0, 2.837609203534329, 0.8
Box, 0, -19.99432373046875, -12.5217866897583, 0.5199999809265137, 0.0, 0.0, -0.014701846055686474, 0.8000000715255737, 0.8000000715255737, 0.3999999761581421, 0.4000000059604645, 0.4000000059604645, 0.19999998807907104, -7.718565940856934, -10.926229476928711, 5.0945539474487305, 1.5707963705062866, 1.5707963705062866, 1.5707963705062866, 1.0, 1.0, 1.0, 2.837609203534329, 0.8
Box, 0, -19.99432373046875, -12.5217866897583, 0.9200000166893005, 0.0, 0.0, -0.07270217686891556, 0.800000011920929, 0.800000011920929, 0.3999999761581421, 0.4000000059604645, 0.4000000059604645, 0.19999998807907104, -7.718565940856934, -10.926229476928711, 5.0945539474487305, 1.5707963705062866, 1.5707963705062866, 1.5707963705062866, 1.0, 1.0, 1.0, 2.837609203534329, 0.8
Box, 0, -19.99432373046875, -11.369009017944336, 0.6109830141067505, 0.0, -0.0, 0.034822914749383926, 0.9998860955238342, 0.9001264572143555, 0.5799999237060547, 0.4999430477619171, 0.45006322860717773, 0.28999996185302734, -7.718565940856934, -10.926229476928711, 5.0945539474487305, 1.5707963705062866, 1.5707963705062866, 1.5707963705062866, 1.0, 1.0, 1.0, 2.837609203534329, 0.8
Box, 0, -19.99432373046875, -10.164010047912598, 0.5636299848556519, 0.0, 0.0, -0.00900888442993164, 1.3199973106384277, 0.8799960017204285, 0.4872594177722931, 0.010999977588653564, 0.010999977588653564, 0.010999977588653564, -7.718565940856934, -10.926229476928711, 5.0945539474487305, 1.5707963705062866, 1.5707963705062866, 1.5707963705062866, 1.0, 1.0, 1.0, 2.837609203534329, 0.8
Box, 0, -19.99432373046875, -8.581788063049316, 0.5195000171661377, 0.0, 0.0, -0.07040728628635406, 1.325854778289795, 1.677946925163269, 0.39866775274276733, 0.011048790067434311, 0.02097438834607601, 0.009000003337860107, -7.718565940856934, -10.926229476928711, 5.0945539474487305, 1.5707963705062866, 1.5707963705062866, 1.5707963705062866, 1.0, 1.0, 1.0, 2.837609203534329, 0.8
Box, 0, -19.99432373046875, -8.581788063049316, 0.9185000061988831, 0.0, -0.0, 0.04564604535698891, 1.3224568367004395, 1.6791383028030396, 0.39866775274276733, 0.011020473204553127, 0.020989280194044113, 0.009000003337860107, -7.718565940856934, -10.926229476928711, 5.0945539474487305, 1.5707963705062866, 1.5707963705062866, 1.5707963705062866, 1.0, 1.0, 1.0, 2.837609203534329, 0.8
Box, 0, -19.99432373046875, -8.581788063049316, 1.3174999952316284, 0.0, 0.0, -0.04932035505771637, 1.322869062423706, 1.678994059562683, 0.39866775274276733, 0.011023908853530884, 0.020987477153539658, 0.009000003337860107, -7.718565940856934, -10.926229476928711, 5.0945539474487305, 1.5707963705062866, 1.5707963705062866, 1.5707963705062866, 1.0, 1.0, 1.0, 2.837609203534329, 0.8
Box, 0, -19.99432373046875, -8.581788063049316, 1.7165000438690186, 0.0, 0.0, -0.07094202190637589, 1.3259443044662476, 1.6779154539108276, 0.39866775274276733, 0.011049536056816578, 0.020973995327949524, 0.009000003337860107, -7.718565940856934, -10.926229476928711, 5.0945539474487305, 1.5707963705062866, 1.5707963705062866, 1.5707963705062866, 1.0, 1.0, 1.0, 2.837609203534329, 0.8
Box, 0, -19.99432373046875, -8.581788063049316, 2.115499973297119, 0.0, 0.0, -0.04171385243535042, 1.3220510482788086, 1.6792802810668945, 0.39866775274276733, 0.011017092503607273, 0.02099105343222618, 0.009000003337860107, -7.718565940856934, -10.926229476928711, 5.0945539474487305, 1.5707963705062866, 1.5707963705062866, 1.5707963705062866, 1.0, 1.0, 1.0, 2.837609203534329, 0.8
Box, 0, -19.99432373046875, -8.581788063049316, 2.5144999027252197, 0.0, 0.0, -0.007864647544920444, 1.3200703859329224, 1.679972529411316, 0.39866775274276733, 0.011000585742294788, 0.020999709144234657, 0.009000003337860107, -7.718565940856934, -10.926229476928711, 5.0945539474487305, 1.5707963705062866, 1.5707963705062866, 1.5707963705062866, 1.0, 1.0, 1.0, 2.837609203534329, 0.8
Box, 1, -19.99432373046875, -13.674007415771484, 3.379578113555908, 0.0, -0.0, 0.08097126334905624, 1.3199973106384277, 0.8799960017204285, 0.4872594177722931, 0.010999977588653564, 0.010999977588653564, 0.010999977588653564, -7.718565940856934, -10.926229476928711, 5.0945539474487305, 1.5707963705062866, 1.5707963705062866, 1.5707963705062866, 1.0, 1.0, 1.0, 2.837609203534329, 0.8
Box, 1, -19.99432373046875, -13.674007415771484, 3.866837978363037, 0.0, -0.0, 0.031171325594186783, 1.3199971914291382, 0.8799959421157837, 0.4872594177722931, 0.01099997665733099, 0.01099997665733099, 0.010999977588653564, -7.718565940856934, -10.926229476928711, 5.0945539474487305, 1.5707963705062866, 1.5707963705062866, 1.5707963705062866, 1.0, 1.0, 1.0, 2.837609203534329, 0.8
Box, 1, -19.99432373046875, -13.674007415771484, 4.354097843170166, 0.0, 0.0, -0.0330502986907959, 1.3199973106384277, 0.8799960017204285, 0.4872594177722931, 0.010999977588653564, 0.010999977588653564, 0.010999977588653564, -7.718565940856934, -10.926229476928711, 5.0945539474487305, 1.5707963705062866, 1.5707963705062866, 1.5707963705062866, 1.0, 1.0, 1.0, 2.837609203534329, 0.8
Box, 1, -19.99432373046875, -13.674007415771484, 4.841358184814453, 0.0, 0.0, -0.07145430147647858, 1.3199970722198486, 0.8799958825111389, 0.4872594177722931, 0.01099997665733099, 0.01099997665733099, 0.010999977588653564, -7.718565940856934, -10.926229476928711, 5.0945539474487305, 1.5707963705062866, 1.5707963705062866, 1.5707963705062866, 1.0, 1.0, 1.0, 2.837609203534329, 0.8
Box, 1, -19.99432373046875, -13.674007415771484, 5.328618049621582, 0.0, -0.0, 0.03275609388947487, 1.3199973106384277, 0.8799960017204285, 0.4872594177722931, 0.010999977588653564, 0.010999977588653564, 0.010999977588653564, -7.718565940856934, -10.926229476928711, 5.0945539474487305, 1.5707963705062866, 1.5707963705062866, 1.5707963705062866, 1.0, 1.0, 1.0, 2.837609203534329, 0.8
Box, 1, -19.99432373046875, -12.09178638458252, 3.3354480266571045, 0.0, -0.0, 0.04745035618543625, 1.322655200958252, 1.679068684577942, 0.39866775274276733, 0.01102212630212307, 0.020988410338759422, 0.009000003337860107, -7.718565940856934, -10.926229476928711, 5.0945539474487305, 1.5707963705062866, 1.5707963705062866, 1.5707963705062866, 1.0, 1.0, 1.0, 2.837609203534329, 0.8
Box, 1, -19.99432373046875, -12.09178638458252, 3.734447956085205, 0.0, -0.0, 0.07508547604084015, 1.3266607522964478, 1.677663803100586, 0.39866775274276733, 0.011055505834519863, 0.020970849320292473, 0.009000003337860107, -7.718565940856934, -10.926229476928711, 5.0945539474487305, 1.5707963705062866, 1.5707963705062866, 1.5707963705062866, 1.0, 1.0, 1.0, 2.837609203534329, 0.8
Box, 1, -19.99432373046875, -12.09178638458252, 4.133448123931885, 0.0, -0.0, 0.0445595383644104, 1.322340965270996, 1.6791785955429077, 0.39866775274276733, 0.011019508354365826, 0.020989784970879555, 0.009000003337860107, -7.718565940856934, -10.926229476928711, 5.0945539474487305, 1.5707963705062866, 1.5707963705062866, 1.5707963705062866, 1.0, 1.0, 1.0, 2.837609203534329, 0.8
Box, 1, -19.99432373046875, -10.131786346435547, 3.3354480266571045, 0.0, -0.0, 0.034660667181015015, 1.321414828300476, 1.6795027256011963, 0.39866775274276733, 0.011011790484189987, 0.020993836224079132, 0.009000003337860107, -7.718565940856934, -10.926229476928711, 5.0945539474487305, 1.5707963705062866, 1.5707963705062866, 1.5707963705062866, 1.0, 1.0, 1.0, 2.837609203534329, 0.8
Box, 1, -19.99432373046875, -8.549565315246582, 3.379578113555908, 0.0, 0.0, -0.019608259201049805, 1.3199973106384277, 0.8799960017204285, 0.4872594177722931, 0.010999977588653564, 0.010999977588653564, 0.010999977588653564, -7.718565940856934, -10.926229476928711, 5.0945539474487305, 1.5707963705062866, 1.5707963705062866, 1.5707963705062866, 1.0, 1.0, 1.0, 2.837609203534329, 0.8
Box, 1, -19.99432373046875, -8.549565315246582, 3.866837978363037, 0.0, 0.0, -0.025137189775705338, 1.3199971914291382, 0.8799959421157837, 0.4872594177722931, 0.01099997665733099, 0.01099997665733099, 0.010999977588653564, -7.718565940856934, -10.926229476928711, 5.0945539474487305, 1.5707963705062866, 1.5707963705062866, 1.5707963705062866, 1.0, 1.0, 1.0, 2.837609203534329, 0.8
Box, 1, -19.99432373046875, -8.549565315246582, 4.354097843170166, 0.0, 0.0, -0.025896549224853516, 1.3199971914291382, 0.8799959421157837, 0.4872594177722931, 0.01099997665733099, 0.01099997665733099, 0.010999977588653564, -7.718565940856934, -10.926229476928711, 5.0945539474487305, 1.5707963705062866, 1.5707963705062866, 1.5707963705062866, 1.0, 1.0, 1.0, 2.837609203534329, 0.8
Box, 1, -19.99432373046875, -8.549565315246582, 4.841358184814453, 0.0, 0.0, -0.08384966850280762, 1.3199973106384277, 0.8799960017204285, 0.4872594177722931, 0.010999977588653564, 0.010999977588653564, 0.010999977588653564, -7.718565940856934, -10.926229476928711, 5.0945539474487305, 1.5707963705062866, 1.5707963705062866, 1.5707963705062866, 1.0, 1.0, 1.0, 2.837609203534329, 0.8
Box, 1, -19.99432373046875, -8.549565315246582, 5.328618049621582, 0.0, -0.0, 0.047226663678884506, 1.3199973106384277, 0.8799960017204285, 0.4872594177722931, 0.010999977588653564, 0.010999977588653564, 0.010999977588653564, -7.718565940856934, -10.926229476928711, 5.0945539474487305, 1.5707963705062866, 1.5707963705062866, 1.5707963705062866, 1.0, 1.0, 1.0, 2.837609203534329, 0.8
Box, 2, -19.99432373046875, -13.296229362487793, 6.15139627456665, 0.0, -0.0, 0.08182806521654129, 1.3279142379760742, 1.6772228479385376, 0.39866775274276733, 0.011065950617194176, 0.0209653377532959, 0.009000003337860107, -7.718565940856934, -10.926229476928711, 5.0945539474487305, 1.5707963705062866, 1.5707963705062866, 1.5707963705062866, 1.0, 1.0, 1.0, 2.837609203534329, 0.8
Box, 2, -19.99432373046875, -11.714007377624512, 6.195526123046875, 0.0, 0.0, -0.08719538897275925, 1.3199975490570068, 0.8799961805343628, 0.4872594177722931, 0.010999978519976139, 0.010999978519976139, 0.010999977588653564, -7.718565940856934, -10.926229476928711, 5.0945539474487305, 1.5707963705062866, 1.5707963705062866, 1.5707963705062866, 1.0, 1.0, 1.0, 2.837609203534329, 0.8
Box, 2, -19.99432373046875, -11.714007377624512, 6.682785987854004, 0.0, 0.0, -0.02534032240509987, 1.3199973106384277, 0.8799960017204285, 0.4872594177722931, 0.010999977588653564, 0.010999977588653564, 0.010999977588653564, -7.718565940856934, -10.926229476928711, 5.0945539474487305, 1.5707963705062866, 1.5707963705062866, 1.5707963705062866, 1.0, 1.0, 1.0, 2.837609203534329, 0.8
Box, 2, -19.99432373046875, -11.714007377624512, 7.170046329498291, 0.0, -0.0, 0.004827022086828947, 1.3199973106384277, 0.8799960017204285, 0.4872594177722931, 0.010999977588653564, 0.010999977588653564, 0.010999977588653564, -7.718565940856934, -10.926229476928711, 5.0945539474487305, 1.5707963705062866, 1.5707963705062866, 1.5707963705062866, 1.0, 1.0, 1.0, 2.837609203534329, 0.8
Box, 2, -19.99432373046875, -8.92734432220459, 6.15139627456665, 0.0, -0.0, 0.09089630097150803, 1.3297712802886963, 1.6765687465667725, 0.39866775274276733, 0.011081427335739136, 0.020957160741090775, 0.009000003337860107, -7.718565940856934, -10.926229476928711, 5.0945539474487305, 1.5707963705062866, 1.5707963705062866, 1.5707963705062866, 1.0, 1.0, 1.0, 2.837609203534329, 0.8
Box, 2, -19.99432373046875, -8.92734432220459, 6.550395965576172, 0.0, -0.0, 0.07423146814107895, 1.326509714126587, 1.6777167320251465, 0.39866775274276733, 0.011054247617721558, 0.02097151055932045, 0.009000003337860107, -7.718565940856934, -10.926229476928711, 5.0945539474487305, 1.5707963705062866, 1.5707963705062866, 1.5707963705062866, 1.0, 1.0, 1.0, 2.837609203534329, 0.8
Box, 2, -19.99432373046875, -8.92734432220459, 6.949396133422852, 0.0, -0.0, 0.06024767830967903, 1.324284315109253, 1.6784979104995728, 0.39866775274276733, 0.011035703122615814, 0.020981276407837868, 0.009000003337860107, -7.718565940856934, -10.926229476928711, 5.0945539474487305, 1.5707963705062866, 1.5707963705062866, 1.5707963705062866, 1.0, 1.0, 1.0, 2.837609203534329, 0.8
Box, 2, -19.99432373046875, -8.92734432220459, 7.348396301269531, 0.0, 0.0, -0.09825392067432404, 1.3314229249954224, 1.6759861707687378, 0.39866775274276733, 0.011095192283391953, 0.02094987779855728, 0.009000003337860107, -7.718565940856934, -10.926229476928711, 5.0945539474487305, 1.5707963705062866, 1.5707963705062866, 1.5707963705062866, 1.0, 1.0, 1.0, 2.837609203534329, 0.8
Box, 3, -19.99432373046875, -12.463339805603027, 9.149344444274902, 0.0, 0.0, -0.013266426511108875, 0.9385391473770142, 0.7247599959373474, 0.7627946138381958, 0.004550062585622072, 0.004999920260161161, 0.004999995231628418, -7.718565940856934, -10.926229476928711, 5.0945539474487305, 1.5707963705062866, 1.5707963705062866, 1.5707963705062866, 1.0, 1.0, 1.0, 2.837609203534329, 0.8
Box, 3, -19.99432373046875, -12.463339805603027, 9.912343978881836, 0.0, 0.0, -0.04298501834273338, 0.9387004971504211, 0.724656879901886, 0.7627946138381958, 0.004550844896584749, 0.004999208729714155, 0.004999995231628418, -7.718565940856934, -10.926229476928711, 5.0945539474487305, 1.5707963705062866, 1.5707963705062866, 1.5707963705062866, 1.0, 1.0, 1.0, 2.837609203534329, 0.8
Box, 3, -19.99432373046875, -12.463339805603027, 10.675344467163086, 0.0, -0.0, 0.060921210795640945, 0.9388800263404846, 0.7245419025421143, 0.7627946138381958, 0.004551715217530727, 0.00499841570854187, 0.004999995231628418, -7.718565940856934, -10.926229476928711, 5.0945539474487305, 1.5707963705062866, 1.5707963705062866, 1.5707963705062866, 1.0, 1.0, 1.0, 2.837609203534329, 0.8
Box, 3, -19.99432373046875, -9.47123908996582, 9.05882740020752, 0.0, 0.0, -0.004698872100561857, 0.9940088987350464, 1.369993805885315, 0.5820000171661377, 0.4970044493675232, 0.6849969029426575, 0.29100000858306885, -7.718565940856934, -10.926229476928711, 5.0945539474487305, 1.5707963705062866, 1.5707963705062866, 1.5707963705062866, 1.0, 1.0, 1.0, 2.837609203534329, 0.8
Box, 3, -19.99432373046875, -9.47123908996582, 9.640792846679688, 0.0, 0.0, -0.0766376480460167, 0.9963704347610474, 1.3682773113250732, 0.5820000171661377, 0.4981852173805237, 0.6841386556625366, 0.29100000858306885, -7.718565940856934, -10.926229476928711, 5.0945539474487305, 1.5707963705062866, 1.5707963705062866, 1.5707963705062866, 1.0, 1.0, 1.0, 2.837609203534329, 0.8
Box, 3, -19.99432373046875, -9.47123908996582, 10.222759246826172, 0.0, 0.0, -0.05105332285165787, 0.9950526356697083, 1.3692357540130615, 0.5820000171661377, 0.4975263178348541, 0.6846178770065308, 0.29100000858306885, -7.718565940856934, -10.926229476928711, 5.0945539474487305, 1.5707963705062866, 1.5707963705062866, 1.5707963705062866, 1.0, 1.0, 1.0, 2.837609203534329, 0.8
Shelf, 0, -19.99432373046875, -3.9262290000915527, 0.3199999928474426, 0.0, -0.0, 1.5707963705062866, 6.892641544342041, 1.5471497774124146, 0.035973258316516876, 0.0341796875, 0.02499997802078724, 0.02499992959201336, -7.718565940856934, -10.926229476928711, 5.0945539474487305, 1.5707963705062866, 1.5707963705062866, 1.5707963705062866, 1.0, 1.0, 1.0, 2.837609203534329, 0.8
Shelf, 1, -19.99432373046875, -3.9262290000915527, 3.1359479427337646, 0.0, -0.0, 1.5707963705062866, 6.892641544342041, 1.5471497774124146, 0.035973258316516876, 0.0341796875, 0.02499997802078724, 0.02499992959201336, -7.718565940856934, -10.926229476928711, 5.0945539474487305, 1.5707963705062866, 1.5707963705062866, 1.5707963705062866, 1.0, 1.0, 1.0, 2.837609203534329, 0.8
Shelf, 2, -19.99432373046875, -3.9262290000915527, 5.9518961906433105, 0.0, -0.0, 1.5707963705062866, 6.892641544342041, 1.5471497774124146, 0.035973258316516876, 0.0341796875, 0.02499997802078724, 0.02499992959201336, -7.718565940856934, -10.926229476928711, 5.0945539474487305, 1.5707963705062866, 1.5707963705062866, 1.5707963705062866, 1.0, 1.0, 1.0, 2.837609203534329, 0.8
Shelf, 3, -19.99432373046875, -3.9262290000915527, 8.767844200134277, 0.0, -0.0, 1.5707963705062866, 6.892641544342041, 1.5471497774124146, 0.035973258316516876, 0.0341796875, 0.02499997802078724, 0.02499992959201336, -7.718565940856934, -10.926229476928711, 5.0945539474487305, 1.5707963705062866, 1.5707963705062866, 1.5707963705062866, 1.0, 1.0, 1.0, 2.837609203534329, 0.8
Box, 0, -19.99432373046875, -6.296228885650635, 0.5195000171661377, 0.0, -0.0, 0.08782535046339035, 1.3291202783584595, 1.6767982244491577, 0.39866775274276733, 0.011076002381742, 0.02096002921462059, 0.009000003337860107, -7.718565940856934, -10.926229476928711, 5.0945539474487305, 1.5707963705062866, 1.5707963705062866, 1.5707963705062866, 1.0, 1.0, 1.0, 2.837609203534329, 0.8
Box, 0, -19.99432373046875, -6.296228885650635, 0.9185000061988831, 0.0, -0.0, 0.0693422183394432, 1.3256787061691284, 1.678008794784546, 0.39866775274276733, 0.011047322303056717, 0.020975161343812943, 0.009000003337860107, -7.718565940856934, -10.926229476928711, 5.0945539474487305, 1.5707963705062866, 1.5707963705062866, 1.5707963705062866, 1.0, 1.0, 1.0, 2.837609203534329, 0.8
Box, 0, -19.99432373046875, -4.71400785446167, 0.5636299848556519, 0.0, -0.0, 0.04957461729645729, 1.3199973106384277, 0.8799960017204285, 0.4872594177722931, 0.010999977588653564, 0.010999977588653564, 0.010999977588653564, -7.718565940856934, -10.926229476928711, 5.0945539474487305, 1.5707963705062866, 1.5707963705062866, 1.5707963705062866, 1.0, 1.0, 1.0, 2.837609203534329, 0.8
Box, 0, -19.99432373046875, -3.131786584854126, 0.5195000171661377, 0.0, -0.0, 0.005608701147139072, 1.3200345039367676, 1.6799850463867188, 0.39866775274276733, 0.011000287719070911, 0.020999865606427193, 0.009000003337860107, -7.718565940856934, -10.926229476928711, 5.0945539474487305, 1.5707963705062866, 1.5707963705062866, 1.5707963705062866, 1.0, 1.0, 1.0, 2.837609203534329, 0.8
Box, 0, -19.99432373046875, -3.131786584854126, 0.9185000061988831, 0.0, -0.0, 0.07741299271583557, 1.3270809650421143, 1.6775161027908325, 0.39866775274276733, 0.011059008538722992, 0.020969001576304436, 0.009000003337860107, -7.718565940856934, -10.926229476928711, 5.0945539474487305, 1.5707963705062866, 1.5707963705062866, 1.5707963705062866, 1.0, 1.0, 1.0, 2.837609203534329, 0.8
Box, 1, -19.99432373046875, -6.674007892608643, 3.379578113555908, 0.0, 0.0, -0.07219146937131882, 1.3199973106384277, 0.8799960017204285, 0.4872594177722931, 0.010999977588653564, 0.010999977588653564, 0.010999977588653564, -7.718565940856934, -10.926229476928711, 5.0945539474487305, 1.5707963705062866, 1.5707963705062866, 1.5707963705062866, 1.0, 1.0, 1.0, 2.837609203534329, 0.8
Box, 1, -19.99432373046875, -6.674007892608643, 3.866837978363037, 0.0, -0.0, 0.0025832655373960733, 1.3199973106384277, 0.8799960017204285, 0.4872594177722931, 0.010999977588653564, 0.010999977588653564, 0.010999977588653564, -7.718565940856934, -10.926229476928711, 5.0945539474487305, 1.5707963705062866, 1.5707963705062866, 1.5707963705062866, 1.0, 1.0, 1.0, 2.837609203534329, 0.8
Box, 1, -19.99432373046875, -6.674007892608643, 4.354097843170166, 0.0, 0.0, -0.0815117359161377, 1.3199973106384277, 0.8799960017204285, 0.4872594177722931, 0.010999977588653564, 0.010999977588653564, 0.010999977588653564, -7.718565940856934, -10.926229476928711, 5.0945539474487305, 1.5707963705062866, 1.5707963705062866, 1.5707963705062866, 1.0, 1.0, 1.0, 2.837609203534329, 0.8
Box, 1, -19.99432373046875, -6.674007892608643, 4.841358184814453, 0.0, -0.0, 0.0426938571035862, 1.3199973106384277, 0.8799960017204285, 0.4872594177722931, 0.010999977588653564, 0.010999977588653564, 0.010999977588653564, -7.718565940856934, -10.926229476928711, 5.0945539474487305, 1.5707963705062866, 1.5707963705062866, 1.5707963705062866, 1.0, 1.0, 1.0, 2.837609203534329, 0.8
Box, 1, -19.99432373046875, -6.674007892608643, 5.328618049621582, 0.0, -0.0, 0.04456019774079323, 1.3199973106384277, 0.8799960017204285, 0.4872594177722931, 0.010999977588653564, 0.010999977588653564, 0.010999977588653564, -7.718565940856934, -10.926229476928711, 5.0945539474487305, 1.5707963705062866, 1.5707963705062866, 1.5707963705062866, 1.0, 1.0, 1.0, 2.837609203534329, 0.8
Box, 1, -19.99432373046875, -3.5095653533935547, 3.379578113555908, 0.0, -0.0, 0.041982412338256836, 1.3199973106384277, 0.8799960017204285, 0.4872594177722931, 0.010999977588653564, 0.010999977588653564, 0.010999977588653564, -7.718565940856934, -10.926229476928711, 5.0945539474487305, 1.5707963705062866, 1.5707963705062866, 1.5707963705062866, 1.0, 1.0, 1.0, 2.837609203534329, 0.8
Box, 1, -19.99432373046875, -3.5095653533935547, 3.866837978363037, 0.0, 0.0, -0.04584979638457298, 1.3199973106384277, 0.8799960017204285, 0.4872594177722931, 0.010999977588653564, 0.010999977588653564, 0.010999977588653564, -7.718565940856934, -10.926229476928711, 5.0945539474487305, 1.5707963705062866, 1.5707963705062866, 1.5707963705062866, 1.0, 1.0, 1.0, 2.837609203534329, 0.8
Box, 1, -19.99432373046875, -3.5095653533935547, 4.354097843170166, 0.0, -0.0, 0.0301210954785347, 1.3199974298477173, 0.879996120929718, 0.4872594177722931, 0.010999977588653564, 0.010999977588653564, 0.010999977588653564, -7.718565940856934, -10.926229476928711, 5.0945539474487305, 1.5707963705062866, 1.5707963705062866, 1.5707963705062866, 1.0, 1.0, 1.0, 2.837609203534329, 0.8
Box, 1, -19.99432373046875, -3.5095653533935547, 4.841358184814453, 0.0, 0.0, -0.015194417908787727, 1.3199970722198486, 0.8799958825111389, 0.4872594177722931, 0.01099997665733099, 0.01099997665733099, 0.010999977588653564, -7.718565940856934, -10.926229476928711, 5.0945539474487305, 1.5707963705062866, 1.5707963705062866, 1.5707963705062866, 1.0, 1.0, 1.0, 2.837609203534329, 0.8
Box, 1, -19.99432373046875, -2.3181495666503906, 3.5406765937805176, 0.0, -0.0, 0.08554473519325256, 0.9196385741233826, 0.87507164478302, 0.8094567656517029, 0.004553396720439196, 0.004996883682906628, 0.004999995231628418, -7.718565940856934, -10.926229476928711, 5.0945539474487305, 1.5707963705062866, 1.5707963705062866, 1.5707963705062866, 1.0, 1.0, 1.0, 2.837609203534329, 0.8
Box, 2, -19.99432373046875, -4.797784805297852, 6.333395957946777, 0.0, -0.0, 0.06671517342329025, 0.9389511942863464, 0.7244963645935059, 0.7627946138381958, 0.004552060272544622, 0.004998101387172937, 0.004999995231628418, -7.718565940856934, -10.926229476928711, 5.0945539474487305, 1.5707963705062866, 1.5707963705062866, 1.5707963705062866, 1.0, 1.0, 1.0, 2.837609203534329, 0.8
Box, 2, -19.99432373046875, -4.797784805297852, 7.096395969390869, 0.0, -0.0, 0.048653971403837204, 0.9387505650520325, 0.7246248126029968, 0.7627946138381958, 0.0045510875061154366, 0.004998987540602684, 0.004999995231628418, -7.718565940856934, -10.926229476928711, 5.0945539474487305, 1.5707963705062866, 1.5707963705062866, 1.5707963705062866, 1.0, 1.0, 1.0, 2.837609203534329, 0.8
Box, 2, -19.99432373046875, -4.797784805297852, 7.859395980834961, 0.0, 0.0, -0.07948184758424759, 0.9391307234764099, 0.7243815064430237, 0.7627946138381958, 0.004552930593490601, 0.00499730883166194, 0.004999995231628418, -7.718565940856934, -10.926229476928711, 5.0945539474487305, 1.5707963705062866, 1.5707963705062866, 1.5707963705062866, 1.0, 1.0, 1.0, 2.837609203534329, 0.8
Box, 2, -19.99432373046875, -3.677119016647339, 6.195526123046875, 0.0, -0.0, 0.03406691923737526, 1.3199973106384277, 0.8799960017204285, 0.4872594177722931, 0.010999977588653564, 0.010999977588653564, 0.010999977588653564, -7.718565940856934, -10.926229476928711, 5.0945539474487305, 1.5707963705062866, 1.5707963705062866, 1.5707963705062866, 1.0, 1.0, 1.0, 2.837609203534329, 0.8
Box, 2, -19.99432373046875, -3.677119016647339, 6.682785987854004, 0.0, 0.0, -0.03532195836305618, 1.3199973106384277, 0.8799960017204285, 0.4872594177722931, 0.010999977588653564, 0.010999977588653564, 0.010999977588653564, -7.718565940856934, -10.926229476928711, 5.0945539474487305, 1.5707963705062866, 1.5707963705062866, 1.5707963705062866, 1.0, 1.0, 1.0, 2.837609203534329, 0.8
Box, 2, -19.99432373046875, -3.677119016647339, 7.170046329498291, 0.0, 0.0, -0.03518105298280716, 1.3199973106384277, 0.8799960017204285, 0.4872594177722931, 0.010999977588653564, 0.010999977588653564, 0.010999977588653564, -7.718565940856934, -10.926229476928711, 5.0945539474487305, 1.5707963705062866, 1.5707963705062866, 1.5707963705062866, 1.0, 1.0, 1.0, 2.837609203534329, 0.8
Box, 2, -19.99432373046875, -3.677119016647339, 7.65730619430542, 0.0, 0.0, -0.05092311277985573, 1.3199973106384277, 0.8799960017204285, 0.4872594177722931, 0.010999977588653564, 0.010999977588653564, 0.010999977588653564, -7.718565940856934, -10.926229476928711, 5.0945539474487305, 1.5707963705062866, 1.5707963705062866, 1.5707963705062866, 1.0, 1.0, 1.0, 2.837609203534329, 0.8
Box, 2, -19.99432373046875, -2.094897747039795, 6.15139627456665, 0.0, -0.0, 0.09119956940412521, 1.3298368453979492, 1.67654550075531, 0.39866775274276733, 0.011081974022090435, 0.020956872031092644, 0.009000003337860107, -7.718565940856934, -10.926229476928711, 5.0945539474487305, 1.5707963705062866, 1.5707963705062866, 1.5707963705062866, 1.0, 1.0, 1.0, 2.837609203534329, 0.8
Box, 2, -19.99432373046875, -2.094897747039795, 6.550395965576172, 0.0, -0.0, 0.10486281663179398, 1.3330179452896118, 1.6754225492477417, 0.39866775274276733, 0.01110848318785429, 0.02094283327460289, 0.009000003337860107, -7.718565940856934, -10.926229476928711, 5.0945539474487305, 1.5707963705062866, 1.5707963705062866, 1.5707963705062866, 1.0, 1.0, 1.0, 2.837609203534329, 0.8
Box, 3, -19.99432373046875, -6.296228885650635, 8.967344284057617, 0.0, -0.0, 0.006076195742934942, 1.3200409412384033, 1.6799830198287964, 0.39866775274276733, 0.011000340804457664, 0.020999839529395103, 0.009000003337860107, -7.718565940856934, -10.926229476928711, 5.0945539474487305, 1.5707963705062866, 1.5707963705062866, 1.5707963705062866, 1.0, 1.0, 1.0, 2.837609203534329, 0.8
Box, 3, -19.99432373046875, -4.33622932434082, 8.967344284057617, 0.0, 0.0, -0.0947631448507309, 1.3306232690811157, 1.6762681007385254, 0.39866775274276733, 0.01108852680772543, 0.020953405648469925, 0.009000003337860107, -7.718565940856934, -10.926229476928711, 5.0945539474487305, 1.5707963705062866, 1.5707963705062866, 1.5707963705062866, 1.0, 1.0, 1.0, 2.837609203534329, 0.8
Box, 3, -19.99432373046875, -4.33622932434082, 9.366344451904297, 0.0, 0.0, -0.01805219054222107, 1.320381760597229, 1.6798638105392456, 0.39866775274276733, 0.011003181338310242, 0.02099834941327572, 0.009000003337860107, -7.718565940856934, -10.926229476928711, 5.0945539474487305, 1.5707963705062866, 1.5707963705062866, 1.5707963705062866, 1.0, 1.0, 1.0, 2.837609203534329, 0.8
Box, 3, -19.99432373046875, -2.837784767150879, 9.149344444274902, 0.0, 0.0, -0.005355005152523518, 0.9385249018669128, 0.724769115447998, 0.7627946138381958, 0.004549993667751551, 0.004999983124434948, 0.004999995231628418, -7.718565940856934, -10.926229476928711, 5.0945539474487305, 1.5707963705062866, 1.5707963705062866, 1.5707963705062866, 1.0, 1.0, 1.0, 2.837609203534329, 0.8
Box, 3, -19.99432373046875, -2.837784767150879, 9.912343978881836, 0.0, 0.0, -0.07685064524412155, 0.9390912652015686, 0.7244067788124084, 0.7627946138381958, 0.004552739206701517, 0.00499748345464468, 0.004999995231628418, -7.718565940856934, -10.926229476928711, 5.0945539474487305, 1.5707963705062866, 1.5707963705062866, 1.5707963705062866, 1.0, 1.0, 1.0, 2.837609203534329, 0.8
Box, 3, -19.99432373046875, -1.730145812034607, 9.17257308959961, 0.0, 0.0, -0.025148747488856316, 0.9190082550048828, 0.8755694031715393, 0.8094567656517029, 0.004550275858491659, 0.004999725613743067, 0.004999995231628418, -7.718565940856934, -10.926229476928711, 5.0945539474487305, 1.5707963705062866, 1.5707963705062866, 1.5707963705062866, 1.0, 1.0, 1.0, 2.837609203534329, 0.8
Box, 3, -19.99432373046875, -1.730145812034607, 9.982029914855957, 0.0, -0.0, 0.0023114585783332586, 0.9189490079879761, 0.8756161332130432, 0.8094567656517029, 0.004549982491880655, 0.004999992903321981, 0.004999995231628418, -7.718565940856934, -10.926229476928711, 5.0945539474487305, 1.5707963705062866, 1.5707963705062866, 1.5707963705062866, 1.0, 1.0, 1.0, 2.837609203534329, 0.8
Box, 3, -19.99432373046875, -1.730145812034607, 10.791486740112305, 0.0, -0.0, 0.06158614903688431, 0.9193065762519836, 0.8753339052200317, 0.8094567656517029, 0.004551753401756287, 0.004998380783945322, 0.004999995231628418, -7.718565940856934, -10.926229476928711, 5.0945539474487305, 1.5707963705062866, 1.5707963705062866, 1.5707963705062866, 1.0, 1.0, 1.0, 2.837609203534329, 0.8
Shelf, 0, -19.99432373046875, 3.0737709999084473, 0.3199999928474426, 0.0, -0.0, 1.5707963705062866, 6.892641544342041, 1.5471497774124146, 0.035973258316516876, 0.0341796875, 0.02499997802078724, 0.02499992959201336, -7.718565940856934, -10.926229476928711, 5.0945539474487305, 1.5707963705062866, 1.5707963705062866, 1.5707963705062866, 1.0, 1.0, 1.0, 2.837609203534329, 0.8
Shelf, 1, -19.99432373046875, 3.0737709999084473, 3.1359479427337646, 0.0, -0.0, 1.5707963705062866, 6.892641544342041, 1.5471497774124146, 0.035973258316516876, 0.0341796875, 0.02499997802078724, 0.02499992959201336, -7.718565940856934, -10.926229476928711, 5.0945539474487305, 1.5707963705062866, 1.5707963705062866, 1.5707963705062866, 1.0, 1.0, 1.0, 2.837609203534329, 0.8
Shelf, 2, -19.99432373046875, 3.0737709999084473, 5.9518961906433105, 0.0, -0.0, 1.5707963705062866, 6.892641544342041, 1.5471497774124146, 0.035973258316516876, 0.0341796875, 0.02499997802078724, 0.02499992959201336, -7.718565940856934, -10.926229476928711, 5.0945539474487305, 1.5707963705062866, 1.5707963705062866, 1.5707963705062866, 1.0, 1.0, 1.0, 2.837609203534329, 0.8
Shelf, 3, -19.99432373046875, 3.0737709999084473, 8.767844200134277, 0.0, -0.0, 1.5707963705062866, 6.892641544342041, 1.5471497774124146, 0.035973258316516876, 0.0341796875, 0.02499997802078724, 0.02499992959201336, -7.718565940856934, -10.926229476928711, 5.0945539474487305, 1.5707963705062866, 1.5707963705062866, 1.5707963705062866, 1.0, 1.0, 1.0, 2.837609203534329, 0.8
