Shelf, 0, -19.99432373046875, -3.9262290000915527, 0.3199999928474426, 0.0, -0.0, 1.5707963705062866, 6.892641544342041, 1.5471497774124146, 0.035973258316516876, 0.0341796875, 0.02499997802078724, 0.02499992959201336, -7.038303375244141, 10.073770523071289, 5.247377872467041, 1.5707963705062866, 1.5707963705062866, 1.5707963705062866, 1.0, 1.0, 1.0, 2.837609203534329, 0.8
Shelf, 1, -19.99432373046875, -3.9262290000915527, 3.1359479427337646, 0.0, -0.0, 1.5707963705062866, 6.892641544342041, 1.5471497774124146, 0.035973258316516876, 0.0341796875, 0.02499997802078724, 0.02499992959201336, -7.038303375244141, 10.073770523071289, 5.247377872467041, 1.5707963705062866, 1.5707963705062866, 1.5707963705062866, 1.0, 1.0, 1.0, 2.837609203534329, 0.8
Shelf, 2, -19.99432373046875, -3.9262290000915527, 5.9518961906433105, 0.0, -0.0, 1.5707963705062866, 6.892641544342041, 1.5471497774124146, 0.035973258316516876, 0.0341796875, 0.02499997802078724, 0.02499992959201336, -7.038303375244141, 10.073770523071289, 5.247377872467041, 1.5707963705062866, 1.5707963705062866, 1.5707963705062866, 1.0, 1.0, 1.0, 2.837609203534329, 0.8
Shelf, 3, -19.99432373046875, -3.9262290000915527, 8.767844200134277, 0.0, -0.0, 1.5707963705062866, 6.892641544342041, 1.5471497774124146, 0.035973258316516876, 0.0341796875, 0.02499997802078724, 0.02499992959201336, -7.038303375244141, 10.073770523071289, 5.247377872467041, 1.5707963705062866, 1.5707963705062866, 1.5707963705062866, 1.0, 1.0, 1.0, 2.837609203534329, 0.8
Shelf, 0, -19.99432373046875, 3.0737709999084473, 0.3199999928474426, 0.0, -0.0, 1.5707963705062866, 6.892641544342041, 1.5471497774124146, 0.035973258316516876, 0.0341796875, 0.02499997802078724, 0.02499992959201336, -7.038303375244141, 10.073770523071289, 5.247377872467041, 1.5707963705062866, 1.5707963705062866, 1.5707963705062866, 1.0, 1.0, 1.0, 2.837609203534329, 0.8
Shelf, 1, -19.99432373046875, 3.0737709999084473, 3.1359479427337646, 0.0, -0.0, 1.5707963705062866, 6.892641544342041, 1.5471497774124146, 0.035973258316516876, 0.0341796875, 0.02499997802078724, 0.02499992959201336, -7.038303375244141, 10.073770523071289, 5.247377872467041, 1.5707963705062866, 1.5707963705062866, 1.5707963705062866, 1.0, 1.0, 1.0, 2.837609203534329, 0.8
Shelf, 2, -19.99432373046875, 3.0737709999084473, 5.9518961906433105, 0.0, -0.0, 1.5707963705062866, 6.892641544342041, 1.5471497774124146, 0.035973258316516876, 0.0341796875, 0.02499997802078724, 0.02499992959201336, -7.038303375244141, 10.073770523071289, 5.247377872467041, 1.5707963705062866, 1.5707963705062866, 1.5707963705062866, 1.0, 1.0, 1.0, 2.837609203534329, 0.8
Shelf, 3, -19.99432373046875, 3.0737709999084473, 8.767844200134277, 0.0, -0.0, 1.5707963705062866, 6.892641544342041, 1.5471497774124146, 0.035973258316516876, 0.0341796875, 0.02499997802078724, 0.02499992959201336, -7.038303375244141, 10.073770523071289, 5.247377872467041, 1.5707963705062866, 1.5707963705062866, 1.5707963705062866, 1.0, 1.0, 1.0, 2.837609203534329, 0.8
Box, 0, -19.99432373046875, 0.7037708759307861, 0.5195000171661377, 0.0, 0.0, -0.029820960015058517, 1.3210467100143433, 1.6796313524246216, 0.39866775274276733, 0.01100872177630663, 0.02099544368684292, 0.009000003337860107, -7.038303375244141, 10.073770523071289, 5.247377872467041, 1.5707963705062866, 1.5707963705062866, 1.5707963705062866, 1.0, 1.0, 1.0, 2.837609203534329, 0.8
Box, 0, -19.99432373046875, 0.7037708759307861, 0.9185000061988831, 0.0, 0.0, -0.06382162123918533, 1.3248087167739868, 1.678313970565796, 0.39866775274276733, 0.01104007288813591, 0.020978976041078568, 0.009000003337860107, -7.038303375244141, 10.073770523071289, 5.247377872467041, 1.5707963705062866, 1.5707963705062866, 1.5707963705062866, 1.0, 1.0, 1.0, 2.837609203534329, 0.8
Box, 0, -19.99432373046875, 0.7037708759307861, 1.3174999952316284, 0.0, 0.0, -0.014851945452392101, 1.3202574253082275, 1.679907202720642, 0.39866775274276733, 0.01100214570760727, 0.020998891443014145, 0.009000003337860107, -7.038303375244141, 10.073770523071289, 5.247377872467041, 1.5707963705062866, 1.5707963705062866, 1.5707963705062866, 1.0, 1.0, 1.0, 2.837609203534329, 0.8
Box, 0, -19.99432373046875, 0.7037708759307861, 1.7165000438690186, 0.0, -0.0, 0.096682108938694, 1.3310593366622925, 1.6761143207550049, 0.39866775274276733, 0.011092160828411579, 0.02095148153603077, 0.009000003337860107, -7.038303375244141, 10.073770523071289, 5.247377872467041, 1.5707963705062866, 1.5707963705062866, 1.5707963705062866, 1.0, 1.0, 1.0, 2.837609203534329, 0.8
Box, 0, -19.99432373046875, 0.7037708759307861, 2.115499973297119, 0.0, 0.0, -0.05655103176832199, 1.323773741722107, 1.678676724433899, 0.39866775274276733, 0.011031447909772396, 0.020983511582016945, 0.009000003337860107, -7.038303375244141, 10.073770523071289, 5.247377872467041, 1.5707963705062866, 1.5707963705062866, 1.5707963705062866, 1.0, 1.0, 1.0, 2.837609203534329, 0.8
Box, 0, -19.99432373046875, 2.2337708473205566, 0.5199999809265137, 0.0, 0.0, -0.05564069375395775, 0.8000000715255737, 0.8000000715255737, 0.3999999761581421, 0.4000000059604645, 0.4000000059604645, 0.19999998807907104, -7.038303375244141, 10.073770523071289, 5.247377872467041, 1.5707963705062866, 1.5707963705062866, 1.5707963705062866, 1.0, 1.0, 1.0, 2.837609203534329, 0.8
Box, 0, -19.99432373046875, 2.2337708473205566, 0.9200000166893005, 0.0, -0.0, 0.02861953154206276, 0.7999998927116394, 0.7999998927116394, 0.3999999761581421, 0.3999999463558197, 0.3999999463558197, 0.19999998807907104, -7.038303375244141, 10.073770523071289, 5.247377872467041, 1.5707963705062866, 1.5707963705062866, 1.5707963705062866, 1.0, 1.0, 1.0, 2.837609203534329, 0.8
Box, 0, -19.99432373046875, 2.2337708473205566, 1.3200000524520874, 0.0, 0.0, -0.016376972198486328, 0.7999999523162842, 0.7999999523162842, 0.3999999761581421, 0.3999999761581421, 0.3999999761581421, 0.19999998807907104, -7.038303375244141, 10.073770523071289, 5.247377872467041, 1.5707963705062866, 1.5707963705062866, 1.5707963705062866, 1.0, 1.0, 1.0, 2.837609203534329, 0.8
Box, 0, -19.99432373046875, 2.2337708473205566, 1.7200000286102295, 0.0, 0.0, -0.057999853044748306, 0.7999999523162842, 0.7999999523162842, 0.3999999761581421, 0.3999999761581421, 0.3999999761581421, 0.19999998807907104, -7.038303375244141, 10.073770523071289, 5.247377872467041, 1.5707963705062866, 1.5707963705062866, 1.5707963705062866, 1.0, 1.0, 1.0, 2.837609203534329, 0.8
Box, 0, -19.99432373046875, 2.2337708473205566, 2.119999885559082, 0.0, -0.0, 0.040590766817331314, 0.7999999523162842, 0.7999999523162842, 0.3999999761581421, 0.3999999761581421, 0.3999999761581421, 0.19999998807907104, -7.038303375244141, 10.073770523071289, 5.247377872467041, 1.5707963705062866, 1.5707963705062866, 1.5707963705062866, 1.0, 1.0, 1.0, 2.837609203534329, 0.8
Box, 0, -19.99432373046875, 2.2337708473205566, 2.5199999809265137, 0.0, -0.0, 0.028552299365401268, 0.7999998927116394, 0.7999998927116394, 0.3999999761581421, 0.3999999463558197, 0.3999999463558197, 0.19999998807907104, -7.038303375244141, 10.073770523071289, 5.247377872467041, 1.5707963705062866, 1.5707963705062866, 1.5707963705062866, 1.0, 1.0, 1.0, 2.837609203534329, 0.8
Box, 0, -19.99432373046875, 5.33296537399292, 0.724728524684906, 0.0, -0.0, 0.008050584234297276, 0.9189546704292297, 0.8756117820739746, 0.8094567656517029, 0.004550010431557894, 0.004999967757612467, 0.004999995231628418, -7.038303375244141, 10.073770523071289, 5.247377872467041, 1.5707963705062866, 1.5707963705062866, 1.5707963705062866, 1.0, 1.0, 1.0, 2.837609203534329, 0.8
Box, 0, -19.99432373046875, 5.33296537399292, 1.534185528755188, 0.0, 0.0, -0.03137931972742081, 0.9190415143966675, 0.8755432367324829, 0.8094567656517029, 0.004550440702587366, 0.004999575670808554, 0.004999995231628418, -7.038303375244141, 10.073770523071289, 5.247377872467041, 1.5707963705062866, 1.5707963705062866, 1.5707963705062866, 1.0, 1.0, 1.0, 2.837609203534329, 0.8
Box, 0, -19.99432373046875, 5.33296537399292, 2.343642473220825, 0.0, 0.0, -0.07876837998628616, 0.9195337891578674, 0.8751545548439026, 0.8094567656517029, 0.004552877973765135, 0.004997356794774532, 0.004999995231628418, -7.038303375244141, 10.073770523071289, 5.247377872467041, 1.5707963705062866, 1.5707963705062866, 1.5707963705062866, 1.0, 1.0, 1.0, 2.837609203534329, 0.8
Box, 1, -19.99432373046875, 0.27377089858055115, 3.3359479904174805, 0.0, 0.0, -0.06478143483400345, 0.7999998331069946, 0.7999998331069946, 0.3999999761581421, 0.3999999463558197, 0.3999999463558197, 0.19999998807907104, -7.038303375244141, 10.073770523071289, 5.247377872467041, 1.5707963705062866, 1.5707963705062866, 1.5707963705062866, 1.0, 1.0, 1.0, 2.837609203534329, 0.8
Box, 1, -19.99432373046875, 0.27377089858055115, 3.735948085784912, 0.0, -0.0, 0.08661341667175293, 0.7999999523162842, 0.7999999523162842, 0.3999999761581421, 0.3999999761581421, 0.3999999761581421, 0.19999998807907104, -7.038303375244141, 10.073770523071289, 5.247377872467041, 1.5707963705062866, 1.5707963705062866, 1.5707963705062866, 1.0, 1.0, 1.0, 2.837609203534329, 0.8
Box, 1, -19.99432373046875, 0.27377089858055115, 4.135948181152344, 0.0, -0.0, 0.010610341094434261, 0.8000000715255737, 0.8000000715255737, 0.3999999761581421, 0.4000000059604645, 0.4000000059604645, 0.19999998807907104, -7.038303375244141, 10.073770523071289, 5.247377872467041, 1.5707963705062866, 1.5707963705062866, 1.5707963705062866, 1.0, 1.0, 1.0, 2.837609203534329, 0.8
Box, 1, -19.99432373046875, 0.27377089858055115, 4.535948276519775, 0.0, -0.0, 0.041721589863300323, 0.7999999523162842, 0.7999999523162842, 0.3999999761581421, 0.3999999761581421, 0.3999999761581421, 0.19999998807907104, -7.038303375244141, 10.073770523071289, 5.247377872467041, 1.5707963705062866, 1.5707963705062866, 1.5707963705062866, 1.0, 1.0, 1.0, 2.837609203534329, 0.8
Box, 1, -19.99432373046875, 2.5793263912200928, 3.3359479904174805, 0.0, 0.0, -0.0466010645031929, 0.7999999523162842, 0.7999999523162842, 0.3999999761581421, 0.3999999761581421, 0.3999999761581421, 0.19999998807907104, -7.038303375244141, 10.073770523071289, 5.247377872467041, 1.5707963705062866, 1.5707963705062866, 1.5707963705062866, 1.0, 1.0, 1.0, 2.837609203534329, 0.8
Box, 1, -19.99432373046875, 2.5793263912200928, 3.735948085784912, 0.0, 0.0, -0.023445846512913704, 0.7999998927116394, 0.7999998927116394, 0.3999999761581421, 0.3999999463558197, 0.3999999463558197, 0.19999998807907104, -7.038303375244141, 10.073770523071289, 5.247377872467041, 1.5707963705062866, 1.5707963705062866, 1.5707963705062866, 1.0, 1.0, 1.0, 2.837609203534329, 0.8
Box, 1, -19.99432373046875, 2.5793263912200928, 4.135948181152344, 0.0, -0.0, 0.055525537580251694, 0.7999998927116394, 0.7999998927116394, 0.3999999761581421, 0.3999999463558197, 0.3999999463558197, 0.19999998807907104, -7.038303375244141, 10.073770523071289, 5.247377872467041, 1.5707963705062866, 1.5707963705062866, 1.5707963705062866, 1.0, 1.0, 1.0, 2.837609203534329, 0.8
Box, 1, -19.99432373046875, 2.5793263912200928, 4.535948276519775, 0.0, 0.0, -0.08018922805786133, 0.7999999523162842, 0.7999999523162842, 0.3999999761581421, 0.3999999761581421, 0.3999999761581421, 0.19999998807907104, -7.038303375244141, 10.073770523071289, 5.247377872467041, 1.5707963705062866, 1.5707963705062866, 1.5707963705062866, 1.0, 1.0, 1.0, 2.837609203534329, 0.8
Box, 1, -19.99432373046875, 2.5793263912200928, 4.935947895050049, 0.0, -0.0, 0.04179668799042702, 0.7999999523162842, 0.7999999523162842, 0.3999999761581421, 0.3999999761581421, 0.3999999761581421, 0.19999998807907104, -7.038303375244141, 10.073770523071289, 5.247377872467041, 1.5707963705062866, 1.5707963705062866, 1.5707963705062866, 1.0, 1.0, 1.0, 2.837609203534329, 0.8
Box, 1, -19.99432373046875, 2.5793263912200928, 5.3359479904174805, 0.0, -0.0, 0.08046388626098633, 0.7999999523162842, 0.7999999523162842, 0.3999999761581421, 0.3999999761581421, 0.3999999761581421, 0.19999998807907104, -7.038303375244141, 10.073770523071289, 5.247377872467041, 1.5707963705062866, 1.5707963705062866, 1.5707963705062866, 1.0, 1.0, 1.0, 2.837609203534329, 0.8
Box, 1, -19.99432373046875, 3.7185208797454834, 3.5406765937805176, 0.0, -0.0, 0.06797482073307037, 0.9193846583366394, 0.8752723336219788, 0.8094567656517029, 0.004552139434963465, 0.004998029209673405, 0.004999995231628418, -7.038303375244141, 10.073770523071289, 5.247377872467041, 1.5707963705062866, 1.5707963705062866, 1.5707963705062866, 1.0, 1.0, 1.0, 2.837609203534329, 0.8
Box, 1, -19.99432373046875, 3.7185208797454834, 4.350133419036865, 0.0, 0.0, -0.003509814152494073, 0.9189497232437134, 0.8756157159805298, 0.8094567656517029, 0.004549986217170954, 0.004999990109354258, 0.004999995231628418, -7.038303375244141, 10.073770523071289, 5.247377872467041, 1.5707963705062866, 1.5707963705062866, 1.5707963705062866, 1.0, 1.0, 1.0, 2.837609203534329, 0.8
Box, 1, -19.99432373046875, 3.7185208797454834, 5.159590721130371, 0.0, -0.0, 0.049599822610616684, 0.9191809296607971, 0.8754332065582275, 0.8094567656517029, 0.004551130812615156, 0.004998947959393263, 0.004999995231628418, -7.038303375244141, 10.073770523071289, 5.247377872467041, 1.5707963705062866, 1.5707963705062866, 1.5707963705062866, 1.0, 1.0, 1.0, 2.837609203534329, 0.8
Box, 1, -19.99432373046875, 4.909936428070068, 3.379578113555908, 0.0, -0.0, 0.04768110439181328, 1.3199973106384277, 0.8799960017204285, 0.4872594177722931, 0.010999977588653564, 0.010999977588653564, 0.010999977588653564, -7.038303375244141, 10.073770523071289, 5.247377872467041, 1.5707963705062866, 1.5707963705062866, 1.5707963705062866, 1.0, 1.0, 1.0, 2.837609203534329, 0.8
Box, 1, -19.99432373046875, 4.909936428070068, 3.866837978363037, 0.0, 0.0, -0.08165956288576126, 1.3199973106384277, 0.8799960017204285, 0.4872594177722931, 0.010999977588653564, 0.010999977588653564, 0.010999977588653564, -7.038303375244141, 10.073770523071289, 5.247377872467041, 1.5707963705062866, 1.5707963705062866, 1.5707963705062866, 1.0, 1.0, 1.0, 2.837609203534329, 0.8
Box, 1, -19.99432373046875, 4.909936428070068, 4.354097843170166, 0.0, -0.0, 0.06346393376588821, 1.3199970722198486, 0.8799958825111389, 0.4872594177722931, 0.01099997665733099, 0.01099997665733099, 0.010999977588653564, -7.038303375244141, 10.073770523071289, 5.247377872467041, 1.5707963705062866, 1.5707963705062866, 1.5707963705062866, 1.0, 1.0, 1.0, 2.837609203534329, 0.8
Box, 1, -19.99432373046875, 4.909936428070068, 4.841358184814453, 0.0, -0.0, 0.018600940704345703, 1.3199973106384277, 0.8799960017204285, 0.4872594177722931, 0.010999977588653564, 0.010999977588653564, 0.010999977588653564, -7.038303375244141, 10.073770523071289, 5.247377872467041, 1.5707963705062866, 1.5707963705062866, 1.5707963705062866, 1.0, 1.0, 1.0, 2.837609203534329, 0.8
Box, 1, -19.99432373046875, 4.909936428070068, 5.328618049621582, 0.0, 0.0, -0.03777838125824928, 1.3199970722198486, 0.8799958825111389, 0.4872594177722931, 0.01099997665733099, 0.01099997665733099, 0.010999977588653564, -7.038303375244141, 10.073770523071289, 5.247377872467041, 1.5707963705062866, 1.5707963705062866, 1.5707963705062866, 1.0, 1.0, 1.0, 2.837609203534329, 0.8
Box, 2, -19.99432373046875, 0.27377089858055115, 6.151895999908447, 0.0, 0.0, -0.0003004074387717992, 0.7999998927116394, 0.7999998927116394, 0.3999999761581421, 0.3999999463558197, 0.3999999463558197, 0.19999998807907104, -7.038303375244141, 10.073770523071289, 5.247377872467041, 1.5707963705062866, 1.5707963705062866, 1.5707963705062866, 1.0, 1.0, 1.0, 2.837609203534329, 0.8
Box, 2, -19.99432373046875, 0.27377089858055115, 6.551896095275879, 0.0, 0.0, -0.03328276053071022, 0.7999998331069946, 0.7999998331069946, 0.3999999761581421, 0.3999999463558197, 0.3999999463558197, 0.19999998807907104, -7.038303375244141, 10.073770523071289, 5.247377872467041, 1.5707963705062866, 1.5707963705062866, 1.5707963705062866, 1.0, 1.0, 1.0, 2.837609203534329, 0.8
Box, 2, -19.99432373046875, 0.27377089858055115, 6.9518961906433105, 0.0, -0.0, 0.0729687362909317, 0.7999998927116394, 0.7999998927116394, 0.3999999761581421, 0.3999999463558197, 0.3999999463558197, 0.19999998807907104, -7.038303375244141, 10.073770523071289, 5.247377872467041, 1.5707963705062866, 1.5707963705062866, 1.5707963705062866, 1.0, 1.0, 1.0, 2.837609203534329, 0.8
Box, 2, -19.99432373046875, 0.27377089858055115, 7.351896286010742, 0.0, 0.0, -0.04233812540769577, 0.8000000715255737, 0.8000000715255737, 0.3999999761581421, 0.4000000059604645, 0.4000000059604645, 0.19999998807907104, -7.038303375244141, 10.073770523071289, 5.247377872467041, 1.5707963705062866, 1.5707963705062866, 1.5707963705062866, 1.0, 1.0, 1.0, 2.837609203534329, 0.8
Box, 2, -19.99432373046875, 0.27377089858055115, 7.751895904541016, 0.0, 0.0, -0.07684160023927689, 0.7999999523162842, 0.7999999523162842, 0.3999999761581421, 0.3999999761581421, 0.3999999761581421, 0.19999998807907104, -7.038303375244141, 10.073770523071289, 5.247377872467041, 1.5707963705062866, 1.5707963705062866, 1.5707963705062866, 1.0, 1.0, 1.0, 2.837609203534329, 0.8
Box, 2, -19.99432373046875, 0.27377089858055115, 8.151896476745605, 0.0, 0.0, -0.051705360412597656, 0.7999999523162842, 0.7999999523162842, 0.3999999761581421, 0.3999999761581421, 0.3999999761581421, 0.19999998807907104, -7.038303375244141, 10.073770523071289, 5.247377872467041, 1.5707963705062866, 1.5707963705062866, 1.5707963705062866, 1.0, 1.0, 1.0, 2.837609203534329, 0.8
Box, 2, -19.99432373046875, 1.3422152996063232, 6.333395957946777, 0.0, -0.0, 0.08203043043613434, 0.9391703009605408, 0.7243561744689941, 0.7627946138381958, 0.004553122445940971, 0.004997134208679199, 0.004999995231628418, -7.038303375244141, 10.073770523071289, 5.247377872467041, 1.5707963705062866, 1.5707963705062866, 1.5707963705062866, 1.0, 1.0, 1.0, 2.837609203534329, 0.8
Box, 2, -19.99432373046875, 1.3422152996063232, 7.096395969390869, 0.0, -0.0, 0.08676904439926147, 0.9392471313476562, 0.7243069410324097, 0.7627946138381958, 0.0045534949749708176, 0.004996794741600752, 0.004999995231628418, -7.038303375244141, 10.073770523071289, 5.247377872467041, 1.5707963705062866, 1.5707963705062866, 1.5707963705062866, 1.0, 1.0, 1.0, 2.837609203534329, 0.8
Box, 2, -19.99432373046875, 1.3422152996063232, 7.859395980834961, 0.0, 0.0, -0.06619725376367569, 0.9389445781707764, 0.7245005965232849, 0.7627946138381958, 0.004552028141915798, 0.004998130723834038, 0.004999995231628418, -7.038303375244141, 10.073770523071289, 5.247377872467041, 1.5707963705062866, 1.5707963705062866, 1.5707963705062866, 1.0, 1.0, 1.0, 2.837609203534329, 0.8
Box, 2, -19.99432373046875, 2.4498541355133057, 6.356624603271484, 0.0, -0.0, 0.03642108663916588, 0.9190738797187805, 0.8755176663398743, 0.8094567656517029, 0.0045506008900702, 0.004999430384486914, 0.004999995231628418, -7.038303375244141, 10.073770523071289, 5.247377872467041, 1.5707963705062866, 1.5707963705062866, 1.5707963705062866, 1.0, 1.0, 1.0, 2.837609203534329, 0.8
Box, 2, -19.99432373046875, 2.4498541355133057, 7.166081428527832, 0.0, 0.0, -0.061264339834451675, 0.9193028807640076, 0.8753368854522705, 0.8094567656517029, 0.004551734775304794, 0.004998398013412952, 0.004999995231628418, -7.038303375244141, 10.073770523071289, 5.247377872467041, 1.5707963705062866, 1.5707963705062866, 1.5707963705062866, 1.0, 1.0, 1.0, 2.837609203534329, 0.8
Box, 2, -19.99432373046875, 4.019048690795898, 6.15139627456665, 0.0, -0.0, 0.10215435922145844, 1.332351803779602, 1.675658106803894, 0.39866775274276733, 0.011102930642664433, 0.020945776253938675, 0.009000003337860107, -7.038303375244141, 10.073770523071289, 5.247377872467041, 1.5707963705062866, 1.5707963705062866, 1.5707963705062866, 1.0, 1.0, 1.0, 2.837609203534329, 0.8
Box, 2, -19.99432373046875, 4.019048690795898, 6.550395965576172, 0.0, 0.0, -0.04880977421998978, 1.3228096961975098, 1.6790145635604858, 0.39866775274276733, 0.011023415252566338, 0.02098773419857025, 0.009000003337860107, -7.038303375244141, 10.073770523071289, 5.247377872467041, 1.5707963705062866, 1.5707963705062866, 1.5707963705062866, 1.0, 1.0, 1.0, 2.837609203534329, 0.8
Box, 2, -19.99432373046875, 4.019048690795898, 6.949396133422852, 0.0, 0.0, -0.06715460121631622, 1.3253252506256104, 1.6781327724456787, 0.39866775274276733, 0.011044377461075783, 0.020976711064577103, 0.009000003337860107, -7.038303375244141, 10.073770523071289, 5.247377872467041, 1.5707963705062866, 1.5707963705062866, 1.5707963705062866, 1.0, 1.0, 1.0, 2.837609203534329, 0.8
Box, 2, -19.99432373046875, 4.019048690795898, 7.348396301269531, 0.0, 0.0, -0.02872900851070881, 1.320971131324768, 1.6796576976776123, 0.39866775274276733, 0.011008093133568764, 0.020995773375034332, 0.009000003337860107, -7.038303375244141, 10.073770523071289, 5.247377872467041, 1.5707963705062866, 1.5707963705062866, 1.5707963705062866, 1.0, 1.0, 1.0, 2.837609203534329, 0.8
Box, 3, -19.99432373046875, 0.3129653334617615, 9.17257308959961, 0.0, -0.0, 0.03973504528403282, 0.9190976619720459, 0.8754988312721252, 0.8094567656517029, 0.004550718702375889, 0.004999322816729546, 0.004999995231628418, -7.038303375244141, 10.073770523071289, 5.247377872467041, 1.5707963705062866, 1.5707963705062866, 1.5707963705062866, 1.0, 1.0, 1.0, 2.837609203534329, 0.8
Box, 3, -19.99432373046875, 0.3129653334617615, 9.982029914855957, 0.0, -0.0, 0.0010819697054103017, 0.9189486503601074, 0.8756165504455566, 0.8094567656517029, 0.004549980629235506, 0.004999994765967131, 0.004999995231628418, -7.038303375244141, 10.073770523071289, 5.247377872467041, 1.5707963705062866, 1.5707963705062866, 1.5707963705062866, 1.0, 1.0, 1.0, 2.837609203534329, 0.8
Box, 3, -19.99432373046875, 0.3129653334617615, 10.791486740112305, 0.0, -0.0, 0.02010636404156685, 0.9189867973327637, 0.8755864500999451, 0.8094567656517029, 0.004550169687718153, 0.004999822936952114, 0.004999995231628418, -7.038303375244141, 10.073770523071289, 5.247377872467041, 1.5707963705062866, 1.5707963705062866, 1.5707963705062866, 1.0, 1.0, 1.0, 2.837609203534329, 0.8
Box, 3, -19.99432373046875, 1.4521597623825073, 8.967844009399414, 0.0, -0.0, 0.05712199956178665, 0.7999999523162842, 0.7999999523162842, 0.3999999761581421, 0.3999999761581421, 0.3999999761581421, 0.19999998807907104, -7.038303375244141, 10.073770523071289, 5.247377872467041, 1.5707963705062866, 1.5707963705062866, 1.5707963705062866, 1.0, 1.0, 1.0, 2.837609203534329, 0.8
Box, 3, -19.99432373046875, 1.4521597623825073, 9.367844581604004, 0.0, -0.0, 0.04076242446899414, 0.7999999523162842, 0.7999999523162842, 0.3999999761581421, 0.3999999761581421, 0.3999999761581421, 0.19999998807907104, -7.038303375244141, 10.073770523071289, 5.247377872467041, 1.5707963705062866, 1.5707963705062866, 1.5707963705062866, 1.0, 1.0, 1.0, 2.837609203534329, 0.8
Box, 3, -19.99432373046875, 1.4521597623825073, 9.767844200134277, 0.0, -0.0, 0.006310941185802221, 0.800000011920929, 0.800000011920929, 0.3999999761581421, 0.4000000059604645, 0.4000000059604645, 0.19999998807907104, -7.038303375244141, 10.073770523071289, 5.247377872467041, 1.5707963705062866, 1.5707963705062866, 1.5707963705062866, 1.0, 1.0, 1.0, 2.837609203534329, 0.8
Box, 3, -19.99432373046875, 1.4521597623825073, 10.16784381866455, 0.0, -0.0, 0.03505992889404297, 0.7999999523162842, 0.7999999523162842, 0.3999999761581421, 0.3999999761581421, 0.3999999761581421, 0.19999998807907104, -7.038303375244141, 10.073770523071289, 5.247377872467041, 1.5707963705062866, 1.5707963705062866, 1.5707963705062866, 1.0, 1.0, 1.0, 2.837609203534329, 0.8
Box, 3, -19.99432373046875, 1.4521597623825073, 10.56784439086914, 0.0, -0.0, 0.0821683406829834, 0.7999999523162842, 0.7999999523162842, 0.3999999761581421, 0.3999999761581421, 0.3999999761581421, 0.19999998807907104, -7.038303375244141, 10.073770523071289, 5.247377872467041, 1.5707963705062866, 1.5707963705062866, 1.5707963705062866, 1.0, 1.0, 1.0, 2.837609203534329, 0.8
Box, 3, -19.99432373046875, 1.4521597623825073, 10.967844009399414, 0.0, 0.0, -0.08033013343811035, 0.7999998927116394, 0.7999998927116394, 0.3999999761581421, 0.3999999463558197, 0.3999999463558197, 0.19999998807907104, -7.038303375244141, 10.073770523071289, 5.247377872467041, 1.5707963705062866, 1.5707963705062866, 1.5707963705062866, 1.0, 1.0, 1.0, 2.837609203534329, 0.8
Box, 3, -19.99432373046875, 3.808823585510254, 9.011474609375, 0.0, -0.0, 0.003240108722820878, 1.3199973106384277, 0.8799960017204285, 0.4872594177722931, 0.010999977588653564, 0.010999977588653564, 0.010999977588653564, -7.038303375244141, 10.073770523071289, 5.247377872467041, 1.5707963705062866, 1.5707963705062866, 1.5707963705062866, 1.0, 1.0, 1.0, 2.837609203534329, 0.8
Box, 3, -19.99432373046875, 3.808823585510254, 9.498734474182129, 0.0, 0.0, -0.07035493850708008, 1.3199973106384277, 0.8799960017204285, 0.4872594177722931, 0.010999977588653564, 0.010999977588653564, 0.010999977588653564, -7.038303375244141, 10.073770523071289, 5.247377872467041, 1.5707963705062866, 1.5707963705062866, 1.5707963705062866, 1.0, 1.0, 1.0, 2.837609203534329, 0.8
Box, 3, -19.99432373046875, 3.808823585510254, 9.985994338989258, 0.0, -0.0, 0.06325364857912064, 1.3199971914291382, 0.8799959421157837, 0.4872594177722931, 0.01099997665733099, 0.01099997665733099, 0.010999977588653564, -7.038303375244141, 10.073770523071289, 5.247377872467041, 1.5707963705062866, 1.5707963705062866, 1.5707963705062866, 1.0, 1.0, 1.0, 2.837609203534329, 0.8
Box, 3, -19.99432373046875, 3.808823585510254, 10.473254203796387, 0.0, -0.0, 0.05255318060517311, 1.3199970722198486, 0.8799958825111389, 0.4872594177722931, 0.01099997665733099, 0.01099997665733099, 0.010999977588653564, -7.038303375244141, 10.073770523071289, 5.247377872467041, 1.5707963705062866, 1.5707963705062866, 1.5707963705062866, 1.0, 1.0, 1.0, 2.837609203534329, 0.8
Box, 3, -19.99432373046875, 3.808823585510254, 10.960514068603516, 0.0, 0.0, -0.00779151963070035, 1.3199973106384277, 0.8799960017204285, 0.4872594177722931, 0.010999977588653564, 0.010999977588653564, 0.010999977588653564, -7.038303375244141, 10.073770523071289, 5.247377872467041, 1.5707963705062866, 1.5707963705062866, 1.5707963705062866, 1.0, 1.0, 1.0, 2.837609203534329, 0.8
Box, 3, -19.99432373046875, 5.013266086578369, 9.011474609375, 0.0, -0.0, 0.0848393440246582, 1.3199973106384277, 0.8799960017204285, 0.4872594177722931, 0.010999977588653564, 0.010999977588653564, 0.010999977588653564, -7.038303375244141, 10.073770523071289, 5.247377872467041, 1.5707963705062866, 1.5707963705062866, 1.5707963705062866, 1.0, 1.0, 1.0, 2.837609203534329, 0.8
Box, 3, -19.99432373046875, 5.013266086578369, 9.498734474182129, 0.0, -0.0, 0.05474401265382767, 1.3199973106384277, 0.8799960017204285, 0.4872594177722931, 0.010999977588653564, 0.010999977588653564, 0.010999977588653564, -7.038303375244141, 10.073770523071289, 5.247377872467041, 1.5707963705062866, 1.5707963705062866, 1.5707963705062866, 1.0, 1.0, 1.0, 2.837609203534329, 0.8
Box, 3, -19.99432373046875, 5.013266086578369, 9.985994338989258, 0.0, -0.0, 0.076065793633461, 1.3199973106384277, 0.8799960017204285, 0.4872594177722931, 0.010999977588653564, 0.010999977588653564, 0.010999977588653564, -7.038303375244141, 10.073770523071289, 5.247377872467041, 1.5707963705062866, 1.5707963705062866, 1.5707963705062866, 1.0, 1.0, 1.0, 2.837609203534329, 0.8
Box, 3, -19.99432373046875, 5.013266086578369, 10.473254203796387, 0.0, -0.0, 0.03796768561005592, 1.3199973106384277, 0.8799960017204285, 0.4872594177722931, 0.010999977588653564, 0.010999977588653564, 0.010999977588653564, -7.038303375244141, 10.073770523071289, 5.247377872467041, 1.5707963705062866, 1.5707963705062866, 1.5707963705062866, 1.0, 1.0, 1.0, 2.837609203534329, 0.8
Box, 3, -19.99432373046875, 5.013266086578369, 10.960514068603516, 0.0, 0.0, -0.04069305211305618, 1.3199973106384277, 0.8799960017204285, 0.4872594177722931, 0.010999977588653564, 0.010999977588653564, 0.010999977588653564, -7.038303375244141, 10.073770523071289, 5.247377872467041, 1.5707963705062866, 1.5707963705062866, 1.5707963705062866, 1.0, 1.0, 1.0, 2.837609203534329, 0.8
Shelf, 0, -19.99432373046875, 10.073770523071289, 0.3199999928474426, 0.0, -0.0, 1.5707963705062866, 6.892641544342041, 1.5471497774124146, 0.035973258316516876, 0.0341796875, 0.02499997802078724, 0.02499992959201336, -7.038303375244141, 10.073770523071289, 5.247377872467041, 1.5707963705062866, 1.5707963705062866, 1.5707963705062866, 1.0, 1.0, 1.0, 2.837609203534329, 0.8
Shelf, 1, -19.99432373046875, 10.073770523071289, 3.1359479427337646, 0.0, -0.0, 1.5707963705062866, 6.892641544342041, 1.5471497774124146, 0.035973258316516876, 0.0341796875, 0.02499997802078724, 0.02499992959201336, -7.038303375244141, 10.073770523071289, 5.247377872467041, 1.5707963705062866, 1.5707963705062866, 1.5707963705062866, 1.0, 1.0, 1.0, 2.837609203534329, 0.8
Shelf, 2, -19.99432373046875, 10.073770523071289, 5.9518961906433105, 0.0, -0.0, 1.5707963705062866, 6.892641544342041, 1.5471497774124146, 0.035973258316516876, 0.0341796875, 0.02499997802078724, 0.02499992959201336, -7.038303375244141, 10.073770523071289, 5.247377872467041, 1.5707963705062866, 1.5707963705062866, 1.5707963705062866, 1.0, 1.0, 1.0, 2.837609203534329, 0.8
Shelf, 3, -19.99432373046875, 10.073770523071289, 8.767844200134277, 0.0, -0.0, 1.5707963705062866, 6.892641544342041, 1.5471497774124146, 0.035973258316516876, 0.0341796875, 0.02499997802078724, 0.02499992959201336, -7.038303375244141, 10.073770523071289, 5.247377872467041, 1.5707963705062866, 1.5707963705062866, 1.5707963705062866, 1.0, 1.0, 1.0, 2.837609203534329, 0.8
Box, 0, -19.99432373046875, 7.548323154449463, 0.6109830141067505, 0.0, -0.0, 0.08991843461990356, 0.9972617030143738, 1.367627739906311, 0.5820000171661377, 0.4986308515071869, 0.6838138699531555, 0.29100000858306885, -7.038303375244141, 10.073770523071289, 5.247377872467041, 1.5707963705062866, 1.5707963705062866, 1.5707963705062866, 1.0, 1.0, 1.0, 2.837609203534329, 0.8
Box, 0, -19.99432373046875, 7.548323154449463, 1.1929490566253662, 0.0, 0.0, -0.011956621892750263, 0.9940577149391174, 1.3699584007263184, 0.5820000171661377, 0.4970288574695587, 0.6849791407585144, 0.29100000858306885, -7.038303375244141, 10.073770523071289, 5.247377872467041, 1.5707963705062866, 1.5707963705062866, 1.5707963705062866, 1.0, 1.0, 1.0, 2.837609203534329, 0.8
Box, 0, -19.99432373046875, 7.548323154449463, 1.7749149799346924, 0.0, 0.0, -0.08922851085662842, 0.9972119927406311, 1.3676639795303345, 0.5820000171661377, 0.49860599637031555, 0.6838319897651672, 0.29100000858306885, -7.038303375244141, 10.073770523071289, 5.247377872467041, 1.5707963705062866, 1.5707963705062866, 1.5707963705062866, 1.0, 1.0, 1.0, 2.837609203534329, 0.8
Box, 0, -19.99432373046875, 7.548323154449463, 2.3568809032440186, 0.0, 0.0, -0.003915395587682724, 0.9940061569213867, 1.3699958324432373, 0.5820000171661377, 0.49700307846069336, 0.6849979162216187, 0.29100000858306885, -7.038303375244141, 10.073770523071289, 5.247377872467041, 1.5707963705062866, 1.5707963705062866, 1.5707963705062866, 1.0, 1.0, 1.0, 2.837609203534329, 0.8
Box, 0, -19.99432373046875, 8.92287540435791, 0.5199999809265137, 0.0, 0.0, -0.06000591814517975, 0.7999999523162842, 0.7999999523162842, 0.3999999761581421, 0.3999999761581421, 0.3999999761581421, 0.19999998807907104, -7.038303375244141, 10.073770523071289, 5.247377872467041, 1.5707963705062866, 1.5707963705062866, 1.5707963705062866, 1.0, 1.0, 1.0, 2.837609203534329, 0.8
Box, 0, -19.99432373046875, 8.92287540435791, 0.9200000166893005, 0.0, 0.0, -0.043460845947265625, 0.7999999523162842, 0.7999999523162842, 0.3999999761581421, 0.3999999761581421, 0.3999999761581421, 0.19999998807907104, -7.038303375244141, 10.073770523071289, 5.247377872467041, 1.5707963705062866, 1.5707963705062866, 1.5707963705062866, 1.0, 1.0, 1.0, 2.837609203534329, 0.8
Box, 0, -19.99432373046875, 8.92287540435791, 1.3200000524520874, 0.0, -0.0, 0.05287599936127663, 0.7999999523162842, 0.7999999523162842, 0.3999999761581421, 0.3999999761581421, 0.3999999761581421, 0.19999998807907104, -7.038303375244141, 10.073770523071289, 5.247377872467041, 1.5707963705062866, 1.5707963705062866, 1.5707963705062866, 1.0, 1.0, 1.0, 2.837609203534329, 0.8
Box, 0, -19.99432373046875, 8.92287540435791, 1.7200000286102295, 0.0, 0.0, -0.050583839416503906, 0.7999999523162842, 0.7999999523162842, 0.3999999761581421, 0.3999999761581421, 0.3999999761581421, 0.19999998807907104, -7.038303375244141, 10.073770523071289, 5.247377872467041, 1.5707963705062866, 1.5707963705062866, 1.5707963705062866, 1.0, 1.0, 1.0, 2.837609203534329, 0.8
Box, 0, -19.99432373046875, 8.92287540435791, 2.119999885559082, 0.0, -0.0, 0.053376197814941406, 0.7999999523162842, 0.7999999523162842, 0.3999999761581421, 0.3999999761581421, 0.3999999761581421, 0.19999998807907104, -7.038303375244141, 10.073770523071289, 5.247377872467041, 1.5707963705062866, 1.5707963705062866, 1.5707963705062866, 1.0, 1.0, 1.0, 2.837609203534329, 0.8
Box, 0, -19.99432373046875, 8.92287540435791, 2.5199999809265137, 0.0, -0.0, 0.06333326548337936, 0.7999999523162842, 0.7999999523162842, 0.3999999761581421, 0.3999999761581421, 0.3999999761581421, 0.19999998807907104, -7.038303375244141, 10.073770523071289, 5.247377872467041, 1.5707963705062866, 1.5707963705062866, 1.5707963705062866, 1.0, 1.0, 1.0, 2.837609203534329, 0.8
Box, 0, -19.99432373046875, 10.075653076171875, 0.6109830141067505, 0.0, -0.0, 0.009171361103653908, 0.9999920129776001, 0.9000087976455688, 0.5799999237060547, 0.49999603629112244, 0.4500043988227844, 0.28999996185302734, -7.038303375244141, 10.073770523071289, 5.247377872467041, 1.5707963705062866, 1.5707963705062866, 1.5707963705062866, 1.0, 1.0, 1.0, 2.837609203534329, 0.8
Box, 0, -19.99432373046875, 10.075653076171875, 1.1929490566253662, 0.0, -0.0, 0.021437425166368484, 0.9999567270278931, 0.9000478982925415, 0.5799999237060547, 0.4999783933162689, 0.45002394914627075, 0.28999996185302734, -7.038303375244141, 10.073770523071289, 5.247377872467041, 1.5707963705062866, 1.5707963705062866, 1.5707963705062866, 1.0, 1.0, 1.0, 2.837609203534329, 0.8
Box, 0, -19.99432373046875, 10.075653076171875, 1.7749149799346924, 0.0, -0.0, 0.0026436476036906242, 0.9999992847442627, 0.9000007510185242, 0.5799999237060547, 0.49999967217445374, 0.4500003755092621, 0.28999996185302734, -7.038303375244141, 10.073770523071289, 5.247377872467041, 1.5707963705062866, 1.5707963705062866, 1.5707963705062866, 1.0, 1.0, 1.0, 2.837609203534329, 0.8
Box, 0, -19.99432373046875, 11.281208992004395, 0.6109830141067505, 0.0, -0.0, 0.023254385218024254, 0.9999492168426514, 0.9000564813613892, 0.5799999237060547, 0.4999746084213257, 0.4500282406806946, 0.28999996185302734, -7.038303375244141, 10.073770523071289, 5.247377872467041, 1.5707963705062866, 1.5707963705062866, 1.5707963705062866, 1.0, 1.0, 1.0, 2.837609203534329, 0.8
Box, 0, -19.99432373046875, 12.486763954162598, 0.6109830141067505, 0.0, -0.0, 0.08510218560695648, 0.9993208050727844, 0.9007540941238403, 0.5799999237060547, 0.4996604025363922, 0.45037704706192017, 0.28999996185302734, -7.038303375244141, 10.073770523071289, 5.247377872467041, 1.5707963705062866, 1.5707963705062866, 1.5707963705062866, 1.0, 1.0, 1.0, 2.837609203534329, 0.8
Box, 0, -19.99432373046875, 12.486763954162598, 1.1929490566253662, 0.0, -0.0, 0.03996406868100166, 0.9998499751091003, 0.9001666307449341, 0.5799999237060547, 0.49992498755455017, 0.45008331537246704, 0.28999996185302734, -7.038303375244141, 10.073770523071289, 5.247377872467041, 1.5707963705062866, 1.5707963705062866, 1.5707963705062866, 1.0, 1.0, 1.0, 2.837609203534329, 0.8
Box, 0, -19.99432373046875, 12.486763954162598, 1.7749149799346924, 0.0, 0.0, -0.0858372300863266, 0.9993089437484741, 0.9007671475410461, 0.5799999237060547, 0.49965450167655945, 0.45038357377052307, 0.28999996185302734, -7.038303375244141, 10.073770523071289, 5.247377872467041, 1.5707963705062866, 1.5707963705062866, 1.5707963705062866, 1.0, 1.0, 1.0, 2.837609203534329, 0.8
Box, 1, -19.99432373046875, 7.325992107391357, 3.379578113555908, 0.0, 0.0, -0.022379398345947266, 1.3199975490570068, 0.8799961805343628, 0.4872594177722931, 0.010999978519976139, 0.010999978519976139, 0.010999977588653564, -7.038303375244141, 10.073770523071289, 5.247377872467041, 1.5707963705062866, 1.5707963705062866, 1.5707963705062866, 1.0, 1.0, 1.0, 2.837609203534329, 0.8
Box, 1, -19.99432373046875, 7.325992107391357, 3.866837978363037, 0.0, -0.0, 0.0201420821249485, 1.3199973106384277, 0.8799960017204285, 0.4872594177722931, 0.010999977588653564, 0.010999977588653564, 0.010999977588653564, -7.038303375244141, 10.073770523071289, 5.247377872467041, 1.5707963705062866, 1.5707963705062866, 1.5707963705062866, 1.0, 1.0, 1.0, 2.837609203534329, 0.8
Box, 1, -19.99432373046875, 7.325992107391357, 4.354097843170166, 0.0, 0.0, -0.01917123980820179, 1.3199973106384277, 0.8799960017204285, 0.4872594177722931, 0.010999977588653564, 0.010999977588653564, 0.010999977588653564, -7.038303375244141, 10.073770523071289, 5.247377872467041, 1.5707963705062866, 1.5707963705062866, 1.5707963705062866, 1.0, 1.0, 1.0, 2.837609203534329, 0.8
Box, 1, -19.99432373046875, 8.44665813446045, 3.5174479484558105, 0.0, 0.0, -0.05481676757335663, 0.9388118982315063, 0.7245855331420898, 0.7627946138381958, 0.004551385063678026, 0.004998716525733471, 0.004999995231628418, -7.038303375244141, 10.073770523071289, 5.247377872467041, 1.5707963705062866, 1.5707963705062866, 1.5707963705062866, 1.0, 1.0, 1.0, 2.837609203534329, 0.8
Box, 1, -19.99432373046875, 8.44665813446045, 4.280447959899902, 0.0, -0.0, 0.03918547183275223, 0.93867027759552, 0.7246761322021484, 0.7627946138381958, 0.004550698213279247, 0.004999341443181038, 0.004999995231628418, -7.038303375244141, 10.073770523071289, 5.247377872467041, 1.5707963705062866, 1.5707963705062866, 1.5707963705062866, 1.0, 1.0, 1.0, 2.837609203534329, 0.8
Box, 1, -19.99432373046875, 8.44665813446045, 5.043447971343994, 0.0, -0.0, 0.020810425281524658, 0.9385639429092407, 0.7247440814971924, 0.7627946138381958, 0.004550182726234198, 0.004999810364097357, 0.004999995231628418, -7.038303375244141, 10.073770523071289, 5.247377872467041, 1.5707963705062866, 1.5707963705062866, 1.5707963705062866, 1.0, 1.0, 1.0, 2.837609203534329, 0.8
Box, 1, -19.99432373046875, 9.94510269165039, 3.3354480266571045, 0.0, -0.0, 0.012776556424796581, 1.3201898336410522, 1.6799308061599731, 0.39866775274276733, 0.011001582257449627, 0.020999187603592873, 0.009000003337860107, -7.038303375244141, 10.073770523071289, 5.247377872467041, 1.5707963705062866, 1.5707963705062866, 1.5707963705062866, 1.0, 1.0, 1.0, 2.837609203534329, 0.8
Box, 1, -19.99432373046875, 9.94510269165039, 3.734447956085205, 0.0, 0.0, -0.022781774401664734, 1.3206095695495605, 1.6797840595245361, 0.39866775274276733, 0.011005079373717308, 0.02099735476076603, 0.009000003337860107, -7.038303375244141, 10.073770523071289, 5.247377872467041, 1.5707963705062866, 1.5707963705062866, 1.5707963705062866, 1.0, 1.0, 1.0, 2.837609203534329, 0.8
Box, 1, -19.99432373046875, 9.94510269165039, 4.133448123931885, 0.0, 0.0, -0.06388617306947708, 1.3248186111450195, 1.678310513496399, 0.39866775274276733, 0.011040154844522476, 0.020978933200240135, 0.009000003337860107, -7.038303375244141, 10.073770523071289, 5.247377872467041, 1.5707963705062866, 1.5707963705062866, 1.5707963705062866, 1.0, 1.0, 1.0, 2.837609203534329, 0.8
Box, 1, -19.99432373046875, 11.52787971496582, 3.426931142807007, 0.0, -0.0, 0.06022470444440842, 0.999659538269043, 0.9003781676292419, 0.5799999237060547, 0.4998297691345215, 0.45018908381462097, 0.28999996185302734, -7.038303375244141, 10.073770523071289, 5.247377872467041, 1.5707963705062866, 1.5707963705062866, 1.5707963705062866, 1.0, 1.0, 1.0, 2.837609203534329, 0.8
Box, 1, -19.99432373046875, 11.52787971496582, 4.008896827697754, 0.0, 0.0, -0.040549229830503464, 0.999845564365387, 0.9001715183258057, 0.5799999237060547, 0.4999227821826935, 0.45008575916290283, 0.28999996185302734, -7.038303375244141, 10.073770523071289, 5.247377872467041, 1.5707963705062866, 1.5707963705062866, 1.5707963705062866, 1.0, 1.0, 1.0, 2.837609203534329, 0.8
Box, 2, -19.99432373046875, 8.57654857635498, 6.2018961906433105, 0.0, -0.0, 0.07678306102752686, 0.9006142020225525, 0.9994468688964844, 0.5, 0.45030710101127625, 0.4997234642505646, 0.25, -7.038303375244141, 10.073770523071289, 5.247377872467041, 1.5707963705062866, 1.5707963705062866, 1.5707963705062866, 1.0, 1.0, 1.0, 2.837609203534329, 0.8
Box, 2, -19.99432373046875, 8.57654857635498, 6.7018961906433105, 0.0, -0.0, 0.056487537920475006, 0.9003326892852783, 0.9997003674507141, 0.5, 0.45016634464263916, 0.49985021352767944, 0.25, -7.038303375244141, 10.073770523071289, 5.247377872467041, 1.5707963705062866, 1.5707963705062866, 1.5707963705062866, 1.0, 1.0, 1.0, 2.837609203534329, 0.8
Box, 2, -19.99432373046875, 8.57654857635498, 7.2018961906433105, 0.0, 0.0, -0.06909111142158508, 0.9004974365234375, 0.9995520710945129, 0.5, 0.45024871826171875, 0.49977603554725647, 0.25, -7.038303375244141, 10.073770523071289, 5.247377872467041, 1.5707963705062866, 1.5707963705062866, 1.5707963705062866, 1.0, 1.0, 1.0, 2.837609203534329, 0.8
Box, 2, -19.99432373046875, 8.57654857635498, 7.7018961906433105, 0.0, 0.0, -0.042728543281555176, 0.9001904726028442, 0.9998286366462708, 0.5, 0.4500952363014221, 0.499914288520813, 0.25, -7.038303375244141, 10.073770523071289, 5.247377872467041, 1.5707963705062866, 1.5707963705062866, 1.5707963705062866, 1.0, 1.0, 1.0, 2.837609203534329, 0.8
Box, 2, -19.99432373046875, 8.57654857635498, 8.201895713806152, 0.0, -0.0, 0.04654126614332199, 0.9002260565757751, 0.9997966885566711, 0.5, 0.4501129984855652, 0.4998983144760132, 0.25, -7.038303375244141, 10.073770523071289, 5.247377872467041, 1.5707963705062866, 1.5707963705062866, 1.5707963705062866, 1.0, 1.0, 1.0, 2.837609203534329, 0.8
Box, 2, -19.99432373046875, 10.048322677612305, 6.2428789138793945, 0.0, 0.0, -0.008698209188878536, 0.9940304756164551, 1.3699780702590942, 0.5820000171661377, 0.49701523780822754, 0.6849890351295471, 0.29100000858306885, -7.038303375244141, 10.073770523071289, 5.247377872467041, 1.5707963705062866, 1.5707963705062866, 1.5707963705062866, 1.0, 1.0, 1.0, 2.837609203534329, 0.8
Box, 3, -19.99432373046875, 7.703771114349365, 8.967344284057617, 0.0, -0.0, 0.09173844754695892, 1.329953670501709, 1.6765044927597046, 0.39866775274276733, 0.011082948185503483, 0.020956357941031456, 0.009000003337860107, -7.038303375244141, 10.073770523071289, 5.247377872467041, 1.5707963705062866, 1.5707963705062866, 1.5707963705062866, 1.0, 1.0, 1.0, 2.837609203534329, 0.8
Box, 3, -19.99432373046875, 7.703771114349365, 9.366344451904297, 0.0, -0.0, 0.08451233059167862, 1.3284435272216797, 1.6770367622375488, 0.39866775274276733, 0.011070361360907555, 0.02096301130950451, 0.009000003337860107, -7.038303375244141, 10.073770523071289, 5.247377872467041, 1.5707963705062866, 1.5707963705062866, 1.5707963705062866, 1.0, 1.0, 1.0, 2.837609203534329, 0.8
Box, 3, -19.99432373046875, 7.703771114349365, 9.765344619750977, 0.0, 0.0, -0.004258977249264717, 1.3200186491012573, 1.6799906492233276, 0.39866775274276733, 0.011000155471265316, 0.020999934524297714, 0.009000003337860107, -7.038303375244141, 10.073770523071289, 5.247377872467041, 1.5707963705062866, 1.5707963705062866, 1.5707963705062866, 1.0, 1.0, 1.0, 2.837609203534329, 0.8
Box, 3, -19.99432373046875, 7.703771114349365, 10.16434383392334, 0.0, -0.0, 0.02685042843222618, 1.3208478689193726, 1.6797009706497192, 0.39866775274276733, 0.011007065884768963, 0.02099631354212761, 0.009000003337860107, -7.038303375244141, 10.073770523071289, 5.247377872467041, 1.5707963705062866, 1.5707963705062866, 1.5707963705062866, 1.0, 1.0, 1.0, 2.837609203534329, 0.8
Box, 3, -19.99432373046875, 9.286548614501953, 9.05882740020752, 0.0, 0.0, -0.02508692629635334, 0.999940812587738, 0.9000657200813293, 0.5799999237060547, 0.4999704360961914, 0.4500328302383423, 0.28999996185302734, -7.038303375244141, 10.073770523071289, 5.247377872467041, 1.5707963705062866, 1.5707963705062866, 1.5707963705062866, 1.0, 1.0, 1.0, 2.837609203534329, 0.8
Box, 3, -19.99432373046875, 9.286548614501953, 9.640792846679688, 0.0, 0.0, -0.048089101910591125, 0.999782919883728, 0.9002412557601929, 0.5799999237060547, 0.4998914301395416, 0.45012059807777405, 0.28999996185302734, -7.038303375244141, 10.073770523071289, 5.247377872467041, 1.5707963705062866, 1.5707963705062866, 1.5707963705062866, 1.0, 1.0, 1.0, 2.837609203534329, 0.8
Box, 3, -19.99432373046875, 9.286548614501953, 10.222759246826172, 0.0, 0.0, -0.036041926592588425, 0.9998779296875, 0.9001355767250061, 0.5799999237060547, 0.4999389946460724, 0.45006778836250305, 0.28999996185302734, -7.038303375244141, 10.073770523071289, 5.247377872467041, 1.5707963705062866, 1.5707963705062866, 1.5707963705062866, 1.0, 1.0, 1.0, 2.837609203534329, 0.8
Box, 3, -19.99432373046875, 9.286548614501953, 10.804725646972656, 0.0, 0.0, -0.02265072800219059, 0.9999517202377319, 0.9000535607337952, 0.5799999237060547, 0.49997588992118835, 0.4500267803668976, 0.28999996185302734, -7.038303375244141, 10.073770523071289, 5.247377872467041, 1.5707963705062866, 1.5707963705062866, 1.5707963705062866, 1.0, 1.0, 1.0, 2.837609203534329, 0.8
Box, 3, -19.99432373046875, 10.8693265914917, 8.967344284057617, 0.0, 0.0, -0.08528678864240646, 1.328599214553833, 1.676981806755066, 0.39866775274276733, 0.011071660555899143, 0.020962323993444443, 0.009000003337860107, -7.038303375244141, 10.073770523071289, 5.247377872467041, 1.5707963705062866, 1.5707963705062866, 1.5707963705062866, 1.0, 1.0, 1.0, 2.837609203534329, 0.8
Shelf, 0, -19.99432373046875, 17.07377052307129, 0.3199999928474426, 0.0, -0.0, 1.5707963705062866, 6.892641544342041, 1.5471497774124146, 0.035973258316516876, 0.0341796875, 0.02499997802078724, 0.02499992959201336, -7.038303375244141, 10.073770523071289, 5.247377872467041, 1.5707963705062866, 1.5707963705062866, 1.5707963705062866, 1.0, 1.0, 1.0, 2.837609203534329, 0.8
Shelf, 1, -19.99432373046875, 17.07377052307129, 3.1359479427337646, 0.0, -0.0, 1.5707963705062866, 6.892641544342041, 1.5471497774124146, 0.035973258316516876, 0.0341796875, 0.02499997802078724, 0.02499992959201336, -7.038303375244141, 10.073770523071289, 5.247377872467041, 1.5707963705062866, 1.5707963705062866, 1.5707963705062866, 1.0, 1.0, 1.0, 2.837609203534329, 0.8
Shelf, 2, -19.99432373046875, 17.07377052307129, 5.9518961906433105, 0.0, -0.0, 1.5707963705062866, 6.892641544342041, 1.5471497774124146, 0.035973258316516876, 0.0341796875, 0.02499997802078724, 0.02499992959201336, -7.038303375244141, 10.073770523071289, 5.247377872467041, 1.5707963705062866, 1.5707963705062866, 1.5707963705062866, 1.0, 1.0, 1.0, 2.837609203534329, 0.8
Shelf, 3, -19.99432373046875, 17.07377052307129, 8.767844200134277, 0.0, -0.0, 1.5707963705062866, 6.892641544342041, 1.5471497774124146, 0.035973258316516876, 0.0341796875, 0.02499997802078724, 0.02499992959201336, -7.038303375244141, 10.073770523071289, 5.247377872467041, 1.5707963705062866, 1.5707963705062866, 1.5707963705062866, 1.0, 1.0, 1.0, 2.837609203534329, 0.8
Box, 0, -19.99432373046875, 14.325992584228516, 0.5636299848556519, 0.0, -0.0, 0.033724308013916016, 1.3199973106384277, 0.8799960017204285, 0.4872594177722931, 0.010999977588653564, 0.010999977588653564, 0.010999977588653564, -7.038303375244141, 10.073770523071289, 5.247377872467041, 1.5707963705062866, 1.5707963705062866, 1.5707963705062866, 1.0, 1.0, 1.0, 2.837609203534329, 0.8
Box, 0, -19.99432373046875, 14.325992584228516, 1.0508899688720703, 0.0, 0.0, -0.02230715937912464, 1.3199973106384277, 0.8799960017204285, 0.4872594177722931, 0.010999977588653564, 0.010999977588653564, 0.010999977588653564, -7.038303375244141, 10.073770523071289, 5.247377872467041, 1.5707963705062866, 1.5707963705062866, 1.5707963705062866, 1.0, 1.0, 1.0, 2.837609203534329, 0.8
Box, 0, -19.99432373046875, 14.325992584228516, 1.5381499528884888, 0.0, -0.0, 0.048015840351581573, 1.3199973106384277, 0.8799960017204285, 0.4872594177722931, 0.010999977588653564, 0.010999977588653564, 0.010999977588653564, -7.038303375244141, 10.073770523071289, 5.247377872467041, 1.5707963705062866, 1.5707963705062866, 1.5707963705062866, 1.0, 1.0, 1.0, 2.837609203534329, 0.8
Box, 0, -19.99432373046875, 15.530991554260254, 0.6109830141067505, 0.0, -0.0, 0.02668716013431549, 0.9999330043792725, 0.900074303150177, 0.5799999237060547, 0.4999665319919586, 0.4500371515750885, 0.28999996185302734, -7.038303375244141, 10.073770523071289, 5.247377872467041, 1.5707963705062866, 1.5707963705062866, 1.5707963705062866, 1.0, 1.0, 1.0, 2.837609203534329, 0.8
Box, 0, -19.99432373046875, 15.530991554260254, 1.1929490566253662, 0.0, 0.0, -0.020400792360305786, 0.9999608993530273, 0.9000433683395386, 0.5799999237060547, 0.49998044967651367, 0.4500216841697693, 0.28999996185302734, -7.038303375244141, 10.073770523071289, 5.247377872467041, 1.5707963705062866, 1.5707963705062866, 1.5707963705062866, 1.0, 1.0, 1.0, 2.837609203534329, 0.8
Box, 0, -19.99432373046875, 16.736547470092773, 0.6109830141067505, 0.0, -0.0, 0.06092127785086632, 0.9996516108512878, 0.9003868699073792, 0.5799999237060547, 0.4998258054256439, 0.45019346475601196, 0.28999996185302734, -7.038303375244141, 10.073770523071289, 5.247377872467041, 1.5707963705062866, 1.5707963705062866, 1.5707963705062866, 1.0, 1.0, 1.0, 2.837609203534329, 0.8
Box, 0, -19.99432373046875, 16.736547470092773, 1.1929490566253662, 0.0, 0.0, -0.06825246661901474, 0.9995628595352173, 0.9004855155944824, 0.5799999237060547, 0.49978142976760864, 0.4502427577972412, 0.28999996185302734, -7.038303375244141, 10.073770523071289, 5.247377872467041, 1.5707963705062866, 1.5707963705062866, 1.5707963705062866, 1.0, 1.0, 1.0, 2.837609203534329, 0.8
Box, 0, -19.99432373046875, 16.736547470092773, 1.7749149799346924, 0.0, -0.0, 0.022640185430645943, 0.9999517202377319, 0.9000534415245056, 0.5799999237060547, 0.49997588992118835, 0.4500267207622528, 0.28999996185302734, -7.038303375244141, 10.073770523071289, 5.247377872467041, 1.5707963705062866, 1.5707963705062866, 1.5707963705062866, 1.0, 1.0, 1.0, 2.837609203534329, 0.8
Box, 0, -19.99432373046875, 16.736547470092773, 2.3568809032440186, 0.0, -0.0, 0.052985209971666336, 0.9997363686561584, 0.9002927541732788, 0.5799999237060547, 0.4998681843280792, 0.4501463770866394, 0.28999996185302734, -7.038303375244141, 10.073770523071289, 5.247377872467041, 1.5707963705062866, 1.5707963705062866, 1.5707963705062866, 1.0, 1.0, 1.0, 2.837609203534329, 0.8
Box, 0, -19.99432373046875, 17.941545486450195, 0.5636299848556519, 0.0, 0.0, -0.019461631774902344, 1.3199973106384277, 0.8799960017204285, 0.4872594177722931, 0.010999977588653564, 0.010999977588653564, 0.010999977588653564, -7.038303375244141, 10.073770523071289, 5.247377872467041, 1.5707963705062866, 1.5707963705062866, 1.5707963705062866, 1.0, 1.0, 1.0, 2.837609203534329, 0.8
Box, 0, -19.99432373046875, 17.941545486450195, 1.0508899688720703, 0.0, 0.0, -0.021016359329223633, 1.3199973106384277, 0.8799960017204285, 0.4872594177722931, 0.010999977588653564, 0.010999977588653564, 0.010999977588653564, -7.038303375244141, 10.073770523071289, 5.247377872467041, 1.5707963705062866, 1.5707963705062866, 1.5707963705062866, 1.0, 1.0, 1.0, 2.837609203534329, 0.8
Box, 0, -19.99432373046875, 17.941545486450195, 1.5381499528884888, 0.0, -0.0, 0.03633451461791992, 1.3199973106384277, 0.8799960017204285, 0.4872594177722931, 0.010999977588653564, 0.010999977588653564, 0.010999977588653564, -7.038303375244141, 10.073770523071289, 5.247377872467041, 1.5707963705062866, 1.5707963705062866, 1.5707963705062866, 1.0, 1.0, 1.0, 2.837609203534329, 0.8
Box, 0, -19.99432373046875, 17.941545486450195, 2.0254099369049072, 0.0, 0.0, -0.004319190513342619, 1.3199973106384277, 0.8799960017204285, 0.4872594177722931, 0.010999977588653564, 0.010999977588653564, 0.010999977588653564, -7.038303375244141, 10.073770523071289, 5.247377872467041, 1.5707963705062866, 1.5707963705062866, 1.5707963705062866, 1.0, 1.0, 1.0, 2.837609203534329, 0.8
Box, 0, -19.99432373046875, 17.941545486450195, 2.5126700401306152, 0.0, -0.0, 0.03013801760971546, 1.3199970722198486, 0.8799958825111389, 0.4872594177722931, 0.01099997665733099, 0.01099997665733099, 0.010999977588653564, -7.038303375244141, 10.073770523071289, 5.247377872467041, 1.5707963705062866, 1.5707963705062866, 1.5707963705062866, 1.0, 1.0, 1.0, 2.837609203534329, 0.8
Box, 0, -19.99432373046875, 19.368318557739258, 0.6109830141067505, 0.0, 0.0, -0.09022454917430878, 0.9972839951515198, 1.3676115274429321, 0.5820000171661377, 0.4986419975757599, 0.6838057637214661, 0.29100000858306885, -7.038303375244141, 10.073770523071289, 5.247377872467041, 1.5707963705062866, 1.5707963705062866, 1.5707963705062866, 1.0, 1.0, 1.0, 2.837609203534329, 0.8
Box, 0, -19.99432373046875, 19.368318557739258, 1.1929490566253662, 0.0, -0.0, 0.02845088765025139, 0.9943270087242126, 1.3697627782821655, 0.5820000171661377, 0.4971635043621063, 0.6848813891410828, 0.29100000858306885, -7.038303375244141, 10.073770523071289, 5.247377872467041, 1.5707963705062866, 1.5707963705062866, 1.5707963705062866, 1.0, 1.0, 1.0, 2.837609203534329, 0.8
Box, 0, -19.99432373046875, 19.368318557739258, 1.7749149799346924, 0.0, 0.0, -0.0239949282258749, 0.9942325353622437, 1.3698314428329468, 0.5820000171661377, 0.4971162676811218, 0.6849157214164734, 0.29100000858306885, -7.038303375244141, 10.073770523071289, 5.247377872467041, 1.5707963705062866, 1.5707963705062866, 1.5707963705062866, 1.0, 1.0, 1.0, 2.837609203534329, 0.8
Box, 0, -19.99432373046875, 19.368318557739258, 2.3568809032440186, 0.0, -0.0, 0.024298302829265594, 0.994238555431366, 1.3698270320892334, 0.5820000171661377, 0.4971192479133606, 0.6849135160446167, 0.29100000858306885, -7.038303375244141, 10.073770523071289, 5.247377872467041, 1.5707963705062866, 1.5707963705062866, 1.5707963705062866, 1.0, 1.0, 1.0, 2.837609203534329, 0.8
Box, 1, -19.99432373046875, 15.50438117980957, 3.379578113555908, 0.0, 0.0, -0.05548381805419922, 1.3199973106384277, 0.8799960017204285, 0.4872594177722931, 0.010999977588653564, 0.010999977588653564, 0.010999977588653564, -7.038303375244141, 10.073770523071289, 5.247377872467041, 1.5707963705062866, 1.5707963705062866, 1.5707963705062866, 1.0, 1.0, 1.0, 2.837609203534329, 0.8
Box, 1, -19.99432373046875, 15.50438117980957, 3.866837978363037, 0.0, 0.0, -0.004630327224731445, 1.3199973106384277, 0.8799960017204285, 0.4872594177722931, 0.010999977588653564, 0.010999977588653564, 0.010999977588653564, -7.038303375244141, 10.073770523071289, 5.247377872467041, 1.5707963705062866, 1.5707963705062866, 1.5707963705062866, 1.0, 1.0, 1.0, 2.837609203534329, 0.8
Box, 1, -19.99432373046875, 16.62504768371582, 3.5174479484558105, 0.0, 0.0, -0.0028905204962939024, 0.93852299451828, 0.7247704267501831, 0.7627946138381958, 0.0045499843545258045, 0.004999991971999407, 0.004999995231628418, -7.038303375244141, 10.073770523071289, 5.247377872467041, 1.5707963705062866, 1.5707963705062866, 1.5707963705062866, 1.0, 1.0, 1.0, 2.837609203534329, 0.8
Box, 1, -19.99432373046875, 18.123491287231445, 3.3354480266571045, 0.0, 0.0, -0.036064594984054565, 1.3215320110321045, 1.6794615983963013, 0.39866775274276733, 0.011012767441570759, 0.020993322134017944, 0.009000003337860107, -7.038303375244141, 10.073770523071289, 5.247377872467041, 1.5707963705062866, 1.5707963705062866, 1.5707963705062866, 1.0, 1.0, 1.0, 2.837609203534329, 0.8
Box, 1, -19.99432373046875, 18.123491287231445, 3.734447956085205, 0.0, -0.0, 0.0797044038772583, 1.327507495880127, 1.677365779876709, 0.39866775274276733, 0.011062562465667725, 0.02096712589263916, 0.009000003337860107, -7.038303375244141, 10.073770523071289, 5.247377872467041, 1.5707963705062866, 1.5707963705062866, 1.5707963705062866, 1.0, 1.0, 1.0, 2.837609203534329, 0.8
Box, 2, -19.99432373046875, 14.273771286010742, 6.151895999908447, 0.0, 0.0, -0.07160711288452148, 0.7999999523162842, 0.7999999523162842, 0.3999999761581421, 0.3999999761581421, 0.3999999761581421, 0.19999998807907104, -7.038303375244141, 10.073770523071289, 5.247377872467041, 1.5707963705062866, 1.5707963705062866, 1.5707963705062866, 1.0, 1.0, 1.0, 2.837609203534329, 0.8
Box, 2, -19.99432373046875, 14.273771286010742, 6.551896095275879, 0.0, 0.0, -0.016643285751342773, 0.7999999523162842, 0.7999999523162842, 0.3999999761581421, 0.3999999761581421, 0.3999999761581421, 0.19999998807907104, -7.038303375244141, 10.073770523071289, 5.247377872467041, 1.5707963705062866, 1.5707963705062866, 1.5707963705062866, 1.0, 1.0, 1.0, 2.837609203534329, 0.8
Box, 2, -19.99432373046875, 14.273771286010742, 6.9518961906433105, 0.0, -0.0, 0.06329821795225143, 0.800000011920929, 0.800000011920929, 0.3999999761581421, 0.4000000059604645, 0.4000000059604645, 0.19999998807907104, -7.038303375244141, 10.073770523071289, 5.247377872467041, 1.5707963705062866, 1.5707963705062866, 1.5707963705062866, 1.0, 1.0, 1.0, 2.837609203534329, 0.8
Box, 2, -19.99432373046875, 14.273771286010742, 7.351896286010742, 0.0, 0.0, -0.057114362716674805, 0.7999998331069946, 0.7999998331069946, 0.3999999761581421, 0.3999999463558197, 0.3999999463558197, 0.19999998807907104, -7.038303375244141, 10.073770523071289, 5.247377872467041, 1.5707963705062866, 1.5707963705062866, 1.5707963705062866, 1.0, 1.0, 1.0, 2.837609203534329, 0.8
Box, 2, -19.99432373046875, 14.273771286010742, 7.751895904541016, 0.0, 0.0, -0.07902932912111282, 0.7999998927116394, 0.7999998927116394, 0.3999999761581421, 0.3999999463558197, 0.3999999463558197, 0.19999998807907104, -7.038303375244141, 10.073770523071289, 5.247377872467041, 1.5707963705062866, 1.5707963705062866, 1.5707963705062866, 1.0, 1.0, 1.0, 2.837609203534329, 0.8
Box, 2, -19.99432373046875, 15.648323059082031, 6.2428789138793945, 0.0, 0.0, -0.03995490446686745, 0.994644820690155, 1.3695321083068848, 0.5820000171661377, 0.4973224103450775, 0.6847660541534424, 0.29100000858306885, -7.038303375244141, 10.073770523071289, 5.247377872467041, 1.5707963705062866, 1.5707963705062866, 1.5707963705062866, 1.0, 1.0, 1.0, 2.837609203534329, 0.8
Box, 2, -19.99432373046875, 17.062068939208984, 6.356624603271484, 0.0, 0.0, -0.040773600339889526, 0.9191057085990906, 0.8754926323890686, 0.8094567656517029, 0.00455075828358531, 0.00499928742647171, 0.004999995231628418, -7.038303375244141, 10.073770523071289, 5.247377872467041, 1.5707963705062866, 1.5707963705062866, 1.5707963705062866, 1.0, 1.0, 1.0, 2.837609203534329, 0.8
Box, 2, -19.99432373046875, 17.062068939208984, 7.166081428527832, 0.0, 0.0, -0.07113843411207199, 0.9194260239601135, 0.8752395510673523, 0.8094567656517029, 0.00455234432592988, 0.004997842013835907, 0.004999995231628418, -7.038303375244141, 10.073770523071289, 5.247377872467041, 1.5707963705062866, 1.5707963705062866, 1.5707963705062866, 1.0, 1.0, 1.0, 2.837609203534329, 0.8
Box, 2, -19.99432373046875, 17.062068939208984, 7.975538730621338, 0.0, -0.0, 0.004820247180759907, 0.9189506769180298, 0.8756148219108582, 0.8094567656517029, 0.004549991339445114, 0.004999984987080097, 0.004999995231628418, -7.038303375244141, 10.073770523071289, 5.247377872467041, 1.5707963705062866, 1.5707963705062866, 1.5707963705062866, 1.0, 1.0, 1.0, 2.837609203534329, 0.8
Box, 2, -19.99432373046875, 19.459041595458984, 6.195526123046875, 0.0, 0.0, -0.013175249099731445, 1.3199973106384277, 0.8799960017204285, 0.4872594177722931, 0.010999977588653564, 0.010999977588653564, 0.010999977588653564, -7.038303375244141, 10.073770523071289, 5.247377872467041, 1.5707963705062866, 1.5707963705062866, 1.5707963705062866, 1.0, 1.0, 1.0, 2.837609203534329, 0.8
Box, 2, -19.99432373046875, 19.459041595458984, 6.682785987854004, 0.0, 0.0, -0.01238417811691761, 1.3199971914291382, 0.8799959421157837, 0.4872594177722931, 0.01099997665733099, 0.01099997665733099, 0.010999977588653564, -7.038303375244141, 10.073770523071289, 5.247377872467041, 1.5707963705062866, 1.5707963705062866, 1.5707963705062866, 1.0, 1.0, 1.0, 2.837609203534329, 0.8
Box, 3, -19.99432373046875, 14.242215156555176, 9.149344444274902, 0.0, 0.0, -0.022471902891993523, 0.9385709166526794, 0.724739670753479, 0.7627946138381958, 0.004550216719508171, 0.004999780096113682, 0.004999995231628418, -7.038303375244141, 10.073770523071289, 5.247377872467041, 1.5707963705062866, 1.5707963705062866, 1.5707963705062866, 1.0, 1.0, 1.0, 2.837609203534329, 0.8
Box, 3, -19.99432373046875, 14.242215156555176, 9.912343978881836, 0.0, 0.0, -0.025980917736887932, 0.9385873675346375, 0.7247291803359985, 0.7627946138381958, 0.004550296347588301, 0.004999707452952862, 0.004999995231628418, -7.038303375244141, 10.073770523071289, 5.247377872467041, 1.5707963705062866, 1.5707963705062866, 1.5707963705062866, 1.0, 1.0, 1.0, 2.837609203534329, 0.8
Box, 3, -19.99432373046875, 14.242215156555176, 10.675344467163086, 0.0, -0.0, 0.03141116723418236, 0.9386175274848938, 0.7247099876403809, 0.7627946138381958, 0.004550442099571228, 0.004999575205147266, 0.004999995231628418, -7.038303375244141, 10.073770523071289, 5.247377872467041, 1.5707963705062866, 1.5707963705062866, 1.5707963705062866, 1.0, 1.0, 1.0, 2.837609203534329, 0.8
Box, 3, -19.99432373046875, 15.310659408569336, 8.967844009399414, 0.0, 0.0, -0.023134712129831314, 0.7999999523162842, 0.7999999523162842, 0.3999999761581421, 0.3999999761581421, 0.3999999761581421, 0.19999998807907104, -7.038303375244141, 10.073770523071289, 5.247377872467041, 1.5707963705062866, 1.5707963705062866, 1.5707963705062866, 1.0, 1.0, 1.0, 2.837609203534329, 0.8
Box, 3, -19.99432373046875, 15.310659408569336, 9.367844581604004, 0.0, -0.0, 0.015587330795824528, 0.8000000715255737, 0.8000000715255737, 0.3999999761581421, 0.4000000059604645, 0.4000000059604645, 0.19999998807907104, -7.038303375244141, 10.073770523071289, 5.247377872467041, 1.5707963705062866, 1.5707963705062866, 1.5707963705062866, 1.0, 1.0, 1.0, 2.837609203534329, 0.8
Box, 3, -19.99432373046875, 16.840660095214844, 8.967344284057617, 0.0, -0.0, 0.060582228004932404, 1.3243321180343628, 1.678481101989746, 0.39866775274276733, 0.01103610172867775, 0.020981067791581154, 0.009000003337860107, -7.038303375244141, 10.073770523071289, 5.247377872467041, 1.5707963705062866, 1.5707963705062866, 1.5707963705062866, 1.0, 1.0, 1.0, 2.837609203534329, 0.8
Box, 3, -19.99432373046875, 16.840660095214844, 9.366344451904297, 0.0, -0.0, 0.01519202720373869, 1.3202694654464722, 1.6799027919769287, 0.39866775274276733, 0.011002245359122753, 0.020998837426304817, 0.009000003337860107, -7.038303375244141, 10.073770523071289, 5.247377872467041, 1.5707963705062866, 1.5707963705062866, 1.5707963705062866, 1.0, 1.0, 1.0, 2.837609203534329, 0.8
Box, 3, -19.99432373046875, 16.840660095214844, 9.765344619750977, 0.0, -0.0, 0.06481558084487915, 1.3249599933624268, 1.6782606840133667, 0.39866775274276733, 0.011041332967579365, 0.020978311076760292, 0.009000003337860107, -7.038303375244141, 10.073770523071289, 5.247377872467041, 1.5707963705062866, 1.5707963705062866, 1.5707963705062866, 1.0, 1.0, 1.0, 2.837609203534329, 0.8
Box, 3, -19.99432373046875, 16.840660095214844, 10.16434383392334, 0.0, 0.0, -0.07781384140253067, 1.3271547555923462, 1.677489995956421, 0.39866775274276733, 0.011059623211622238, 0.02096867747604847, 0.009000003337860107, -7.038303375244141, 10.073770523071289, 5.247377872467041, 1.5707963705062866, 1.5707963705062866, 1.5707963705062866, 1.0, 1.0, 1.0, 2.837609203534329, 0.8
Box, 3, -19.99432373046875, 16.840660095214844, 10.56334400177002, 0.0, 0.0, -0.08067650347948074, 1.3276925086975098, 1.6773009300231934, 0.39866775274276733, 0.011064102873206139, 0.020966313779354095, 0.009000003337860107, -7.038303375244141, 10.073770523071289, 5.247377872467041, 1.5707963705062866, 1.5707963705062866, 1.5707963705062866, 1.0, 1.0, 1.0, 2.837609203534329, 0.8
Box, 3, -19.99432373046875, 16.840660095214844, 10.9623441696167, 0.0, -0.0, 0.06817410886287689, 1.325488567352295, 1.6780755519866943, 0.39866775274276733, 0.011045738123357296, 0.020975995808839798, 0.009000003337860107, -7.038303375244141, 10.073770523071289, 5.247377872467041, 1.5707963705062866, 1.5707963705062866, 1.5707963705062866, 1.0, 1.0, 1.0, 2.837609203534329, 0.8
Box, 3, -19.99432373046875, 18.409854888916016, 9.17257308959961, 0.0, -0.0, 0.08480904251337051, 0.9196267127990723, 0.8750810027122498, 0.8094567656517029, 0.004553338047116995, 0.004996936768293381, 0.004999995231628418, -7.038303375244141, 10.073770523071289, 5.247377872467041, 1.5707963705062866, 1.5707963705062866, 1.5707963705062866, 1.0, 1.0, 1.0, 2.837609203534329, 0.8
Box, 3, -19.99432373046875, 18.409854888916016, 9.982029914855957, 0.0, -0.0, 0.01700586825609207, 0.918975830078125, 0.8755949139595032, 0.8094567656517029, 0.004550115205347538, 0.004999871831387281, 0.004999995231628418, -7.038303375244141, 10.073770523071289, 5.247377872467041, 1.5707963705062866, 1.5707963705062866, 1.5707963705062866, 1.0, 1.0, 1.0, 2.837609203534329, 0.8
Box, 3, -19.99432373046875, 18.409854888916016, 10.791486740112305, 0.0, -0.0, 0.03250051289796829, 0.9190482497215271, 0.8755379319190979, 0.8094567656517029, 0.004550474230200052, 0.004999545868486166, 0.004999995231628418, -7.038303375244141, 10.073770523071289, 5.247377872467041, 1.5707963705062866, 1.5707963705062866, 1.5707963705062866, 1.0, 1.0, 1.0, 2.837609203534329, 0.8
