Shelf, 0, -19.99432373046875, -17.92622947692871, 0.3199999928474426, 0.0, -0.0, 1.5707963705062866, 6.892641544342041, 1.5471497774124146, 0.035973258316516876, 0.0341796875, 0.02499997802078724, 0.02499992959201336, -7.63482666015625, -3.9262290000915527, 5.128782749176025, 1.5707963705062866, 1.5707963705062866, 1.5707963705062866, 1.0, 1.0, 1.0, 2.837609203534329, 0.8
Shelf, 1, -19.99432373046875, -17.92622947692871, 3.1359479427337646, 0.0, -0.0, 1.5707963705062866, 6.892641544342041, 1.5471497774124146, 0.035973258316516876, 0.0341796875, 0.02499997802078724, 0.02499992959201336, -7.63482666015625, -3.9262290000915527, 5.128782749176025, 1.5707963705062866, 1.5707963705062866, 1.5707963705062866, 1.0, 1.0, 1.0, 2.837609203534329, 0.8
Shelf, 2, -19.99432373046875, -17.92622947692871, 5.9518961906433105, 0.0, -0.0, 1.5707963705062866, 6.892641544342041, 1.5471497774124146, 0.035973258316516876, 0.0341796875, 0.02499997802078724, 0.02499992959201336, -7.63482666015625, -3.9262290000915527, 5.128782749176025, 1.5707963705062866, 1.5707963705062866, 1.5707963705062866, 1.0, 1.0, 1.0, 2.837609203534329, 0.8
Shelf, 3, -19.99432373046875, -17.92622947692871, 8.767844200134277, 0.0, -0.0, 1.5707963705062866, 6.892641544342041, 1.5471497774124146, 0.035973258316516876, 0.0341796875, 0.02499997802078724, 0.02499992959201336, -7.63482666015625, -3.9262290000915527, 5.128782749176025, 1.5707963705062866, 1.5707963705062866, 1.5707963705062866, 1.0, 1.0, 1.0, 2.837609203534329, 0.8
Shelf, 0, -19.99432373046875, -10.926229476928711, 0.3199999928474426, 0.0, -0.0, 1.5707963705062866, 6.892641544342041, 1.5471497774124146, 0.035973258316516876, 0.0341796875, 0.02499997802078724, 0.02499992959201336, -7.63482666015625, -3.9262290000915527, 5.128782749176025, 1.5707963705062866, 1.5707963705062866, 1.5707963705062866, 1.0, 1.0, 1.0, 2.837609203534329, 0.8
Shelf, 1, -19.99432373046875, -10.926229476928711, 3.1359479427337646, 0.0, -0.0, 1.5707963705062866, 6.892641544342041, 1.5471497774124146, 0.035973258316516876, 0.0341796875, 0.02499997802078724, 0.02499992959201336, -7.63482666015625, -3.9262290000915527, 5.128782749176025, 1.5707963705062866, 1.5707963705062866, 1.5707963705062866, 1.0, 1.0, 1.0, 2.837609203534329, 0.8
Shelf, 2, -19.99432373046875, -10.926229476928711, 5.9518961906433105, 0.0, -0.0, 1.5707963705062866, 6.892641544342041, 1.5471497774124146, 0.035973258316516876, 0.0341796875, 0.02499997802078724, 0.02499992959201336, -7.63482666015625, -3.9262290000915527, 5.128782749176025, 1.5707963705062866, 1.5707963705062866, 1.5707963705062866, 1.0, 1.0, 1.0, 2.837609203534329, 0.8
Shelf, 3, -19.99432373046875, -10.926229476928711, 8.767844200134277, 0.0, -0.0, 1.5707963705062866, 6.892641544342041, 1.5471497774124146, 0.035973258316516876, 0.0341796875, 0.02499997802078724, 0.02499992959201336, -7.63482666015625, -3.9262290000915527, 5.128782749176025, 1.5707963705062866, 1.5707963705062866, 1.5707963705062866, 1.0, 1.0, 1.0, 2.837609203534329, 0.8
Box, 0, -19.99432373046875, -13.674007415771484, 0.5636299848556519, 0.0, -0.0, 0.021741392090916634, 1.3199973106384277, 0.8799960017204285, 0.4872594177722931, 0.010999977588653564, 0.010999977588653564, 0.010999977588653564, -7.63482666015625, -3.9262290000915527, 5.128782749176025, 1.5707963705062866, 1.5707963705062866, 1.5707963705062866, 1.0, 1.0, 1.0, 2.837609203534329, 0.8
Box, 0, -19.99432373046875, -13.674007415771484, 1.0508899688720703, 0.0, -0.0, 0.007848024368286133, 1.3199973106384277, 0.8799960017204285, 0.4872594177722931, 0.010999977588653564, 0.010999977588653564, 0.010999977588653564, -7.63482666015625, -3.9262290000915527, 5.128782749176025, 1.5707963705062866, 1.5707963705062866, 1.5707963705062866, 1.0, 1.0, 1.0, 2.837609203534329, 0.8
Box, 0, -19.99432373046875, -12.5217866897583, 0.5199999809265137, 0.0, 0.0, -0.014701846055686474, 0.8000000715255737, 0.8000000715255737, 0.3999999761581421, 0.4000000059604645, 0.4000000059604645, 0.19999998807907104, -7.63482666015625, -3.9262290000915527, 5.128782749176025, 1.5707963705062866, 1.5707963705062866, 1.5707963705062866, 1.0, 1.0, 1.0, 2.837609203534329, 0.8
Box, 0, -19.99432373046875, -12.5217866897583, 0.9200000166893005, 0.0, 0.0, -0.07270217686891556, 0.800000011920929, 0.800000011920929, 0.3999999761581421, 0.4000000059604645, 0.4000000059604645, 0.19999998807907104, -7.63482666015625, -3.9262290000915527, 5.128782749176025, 1.5707963705062866, 1.5707963705062866, 1.5707963705062866, 1.0, 1.0, 1.0, 2.837609203534329, 0.8
Box, 0, -19.99432373046875, -11.369009017944336, 0.6109830141067505, 0.0, -0.0, 0.034822914749383926, 0.9998860955238342, 0.9001264572143555, 0.5799999237060547, 0.4999430477619171, 0.45006322860717773, 0.28999996185302734, -7.63482666015625, -3.9262290000915527, 5.128782749176025, 1.5707963705062866, 1.5707963705062866, 1.5707963705062866, 1.0, 1.0, 1.0, 2.837609203534329, 0.8
Box, 0, -19.99432373046875, -10.164010047912598, 0.5636299848556519, 0.0, 0.0, -0.00900888442993164, 1.3199973106384277, 0.8799960017204285, 0.4872594177722931, 0.010999977588653564, 0.010999977588653564, 0.010999977588653564, -7.63482666015625, -3.9262290000915527, 5.128782749176025, 1.5707963705062866, 1.5707963705062866, 1.5707963705062866, 1.0, 1.0, 1.0, 2.837609203534329, 0.8
Box, 0, -19.99432373046875, -8.581788063049316, 0.5195000171661377, 0.0, 0.0, -0.07040728628635406, 1.325854778289795, 1.677946925163269, 0.39866775274276733, 0.011048790067434311, 0.02097438834607601, 0.009000003337860107, -7.63482666015625, -3.9262290000915527, 5.128782749176025, 1.5707963705062866, 1.5707963705062866, 1.5707963705062866, 1.0, 1.0, 1.0, 2.837609203534329, 0.8
Box, 0, -19.99432373046875, -8.581788063049316, 0.9185000061988831, 0.0, -0.0, 0.04564604535698891, 1.3224568367004395, 1.6791383028030396, 0.39866775274276733, 0.011020473204553127, 0.020989280194044113, 0.009000003337860107, -7.63482666015625, -3.9262290000915527, 5.128782749176025, 1.5707963705062866, 1.5707963705062866, 1.5707963705062866, 1.0, 1.0, 1.0, 2.837609203534329, 0.8
Box, 0, -19.99432373046875, -8.581788063049316, 1.3174999952316284, 0.0, 0.0, -0.04932035505771637, 1.322869062423706, 1.678994059562683, 0.39866775274276733, 0.011023908853530884, 0.020987477153539658, 0.009000003337860107, -7.63482666015625, -3.9262290000915527, 5.128782749176025, 1.5707963705062866, 1.5707963705062866, 1.5707963705062866, 1.0, 1.0, 1.0, 2.837609203534329, 0.8
Box, 0, -19.99432373046875, -8.581788063049316, 1.7165000438690186, 0.0, 0.0, -0.07094202190637589, 1.3259443044662476, 1.6779154539108276, 0.39866775274276733, 0.011049536056816578, 0.020973995327949524, 0.009000003337860107, -7.63482666015625, -3.9262290000915527, 5.128782749176025, 1.5707963705062866, 1.5707963705062866, 1.5707963705062866, 1.0, 1.0, 1.0, 2.837609203534329, 0.8
Box, 0, -19.99432373046875, -8.581788063049316, 2.115499973297119, 0.0, 0.0, -0.04171385243535042, 1.3220510482788086, 1.6792802810668945, 0.39866775274276733, 0.011017092503607273, 0.02099105343222618, 0.009000003337860107, -7.63482666015625, -3.9262290000915527, 5.128782749176025, 1.5707963705062866, 1.5707963705062866, 1.5707963705062866, 1.0, 1.0, 1.0, 2.837609203534329, 0.8
Box, 0, -19.99432373046875, -8.581788063049316, 2.5144999027252197, 0.0, 0.0, -0.007864647544920444, 1.3200703859329224, 1.679972529411316, 0.39866775274276733, 0.011000585742294788, 0.020999709144234657, 0.009000003337860107, -7.63482666015625, -3.9262290000915527, 5.128782749176025, 1.5707963705062866, 1.5707963705062866, 1.5707963705062866, 1.0, 1.0, 1.0, 2.837609203534329, 0.8
Box, 1, -19.99432373046875, -13.674007415771484, 3.379578113555908, 0.0, -0.0, 0.08097126334905624, 1.3199973106384277, 0.8799960017204285, 0.4872594177722931, 0.010999977588653564, 0.010999977588653564, 0.010999977588653564, -7.63482666015625, -3.9262290000915527, 5.128782749176025, 1.5707963705062866, 1.5707963705062866, 1.5707963705062866, 1.0, 1.0, 1.0, 2.837609203534329, 0.8
Box, 1, -19.99432373046875, -13.674007415771484, 3.866837978363037, 0.0, -0.0, 0.031171325594186783, 1.3199971914291382, 0.8799959421157837, 0.4872594177722931, 0.01099997665733099, 0.01099997665733099, 0.010999977588653564, -7.63482666015625, -3.9262290000915527, 5.128782749176025, 1.5707963705062866, 1.5707963705062866, 1.5707963705062866, 1.0, 1.0, 1.0, 2.837609203534329, 0.8
Box, 1, -19.99432373046875, -13.674007415771484, 4.354097843170166, 0.0, 0.0, -0.0330502986907959, 1.3199973106384277, 0.8799960017204285, 0.4872594177722931, 0.010999977588653564, 0.010999977588653564, 0.010999977588653564, -7.63482666015625, -3.9262290000915527, 5.128782749176025, 1.5707963705062866, 1.5707963705062866, 1.5707963705062866, 1.0, 1.0, 1.0, 2.837609203534329, 0.8
Box, 1, -19.99432373046875, -13.674007415771484, 4.841358184814453, 0.0, 0.0, -0.07145430147647858, 1.3199970722198486, 0.8799958825111389, 0.4872594177722931, 0.01099997665733099, 0.01099997665733099, 0.010999977588653564, -7.63482666015625, -3.9262290000915527, 5.128782749176025, 1.5707963705062866, 1.5707963705062866, 1.5707963705062866, 1.0, 1.0, 1.0, 2.837609203534329, 0.8
Box, 1, -19.99432373046875, -13.674007415771484, 5.328618049621582, 0.0, -0.0, 0.03275609388947487, 1.3199973106384277, 0.8799960017204285, 0.4872594177722931, 0.010999977588653564, 0.010999977588653564, 0.010999977588653564, -7.63482666015625, -3.9262290000915527, 5.128782749176025, 1.5707963705062866, 1.5707963705062866, 1.5707963705062866, 1.0, 1.0, 1.0, 2.837609203534329, 0.8
Box, 1, -19.99432373046875, -12.09178638458252, 3.3354480266571045, 0.0, -0.0, 0.04745035618543625, 1.322655200958252, 1.679068684577942, 0.39866775274276733, 0.01102212630212307, 0.020988410338759422, 0.009000003337860107, -7.63482666015625, -3.9262290000915527, 5.128782749176025, 1.5707963705062866, 1.5707963705062866, 1.5707963705062866, 1.0, 1.0, 1.0, 2.837609203534329, 0.8
Box, 1, -19.99432373046875, -12.09178638458252, 3.734447956085205, 0.0, -0.0, 0.07508547604084015, 1.3266607522964478, 1.677663803100586, 0.39866775274276733, 0.011055505834519863, 0.020970849320292473, 0.009000003337860107, -7.63482666015625, -3.9262290000915527, 5.128782749176025, 1.5707963705062866, 1.5707963705062866, 1.5707963705062866, 1.0, 1.0, 1.0, 2.837609203534329, 0.8
Box, 1, -19.99432373046875, -12.09178638458252, 4.133448123931885, 0.0, -0.0, 0.0445595383644104, 1.322340965270996, 1.6791785955429077, 0.39866775274276733, 0.011019508354365826, 0.020989784970879555, 0.009000003337860107, -7.63482666015625, -3.9262290000915527, 5.128782749176025, 1.5707963705062866, 1.5707963705062866, 1.5707963705062866, 1.0, 1.0, 1.0, 2.837609203534329, 0.8
Box, 1, -19.99432373046875, -10.131786346435547, 3.3354480266571045, 0.0, -0.0, 0.034660667181015015, 1.321414828300476, 1.6795027256011963, 0.39866775274276733, 0.011011790484189987, 0.020993836224079132, 0.009000003337860107, -7.63482666015625, -3.9262290000915527, 5.128782749176025, 1.5707963705062866, 1.5707963705062866, 1.5707963705062866, 1.0, 1.0, 1.0, 2.837609203534329, 0.8
Box, 1, -19.99432373046875, -8.549565315246582, 3.379578113555908, 0.0, 0.0, -0.019608259201049805, 1.3199973106384277, 0.8799960017204285, 0.4872594177722931, 0.010999977588653564, 0.010999977588653564, 0.010999977588653564, -7.63482666015625, -3.9262290000915527, 5.128782749176025, 1.5707963705062866, 1.5707963705062866, 1.5707963705062866, 1.0, 1.0, 1.0, 2.837609203534329, 0.8
Box, 1, -19.99432373046875, -8.549565315246582, 3.866837978363037, 0.0, 0.0, -0.025137189775705338, 1.3199971914291382, 0.8799959421157837, 0.4872594177722931, 0.01099997665733099, 0.01099997665733099, 0.010999977588653564, -7.63482666015625, -3.9262290000915527, 5.128782749176025, 1.5707963705062866, 1.5707963705062866, 1.5707963705062866, 1.0, 1.0, 1.0, 2.837609203534329, 0.8
Box, 1, -19.99432373046875, -8.549565315246582, 4.354097843170166, 0.0, 0.0, -0.025896549224853516, 1.3199971914291382, 0.8799959421157837, 0.4872594177722931, 0.01099997665733099, 0.01099997665733099, 0.010999977588653564, -7.63482666015625, -3.9262290000915527, 5.128782749176025, 1.5707963705062866, 1.5707963705062866, 1.5707963705062866, 1.0, 1.0, 1.0, 2.837609203534329, 0.8
Box, 1, -19.99432373046875, -8.549565315246582, 4.841358184814453, 0.0, 0.0, -0.08384966850280762, 1.3199973106384277, 0.8799960017204285, 0.4872594177722931, 0.010999977588653564, 0.010999977588653564, 0.010999977588653564, -7.63482666015625, -3.9262290000915527, 5.128782749176025, 1.5707963705062866, 1.5707963705062866, 1.5707963705062866, 1.0, 1.0, 1.0, 2.837609203534329, 0.8
Box, 1, -19.99432373046875, -8.549565315246582, 5.328618049621582, 0.0, -0.0, 0.047226663678884506, 1.3199973106384277, 0.8799960017204285, 0.4872594177722931, 0.010999977588653564, 0.010999977588653564, 0.010999977588653564, -7.63482666015625, -3.9262290000915527, 5.128782749176025, 1.5707963705062866, 1.5707963705062866, 1.5707963705062866, 1.0, 1.0, 1.0, 2.837609203534329, 0.8
Box, 2, -19.99432373046875, -13.296229362487793, 6.15139627456665, 0.0, -0.0, 0.08182806521654129, 1.3279142379760742, 1.6772228479385376, 0.39866775274276733, 0.011065950617194176, 0.0209653377532959, 0.009000003337860107, -7.63482666015625, -3.9262290000915527, 5.128782749176025, 1.5707963705062866, 1.5707963705062866, 1.5707963705062866, 1.0, 1.0, 1.0, 2.837609203534329, 0.8
Box, 2, -19.99432373046875, -11.714007377624512, 6.195526123046875, 0.0, 0.0, -0.08719538897275925, 1.3199975490570068, 0.8799961805343628, 0.4872594177722931, 0.010999978519976139, 0.010999978519976139, 0.010999977588653564, -7.63482666015625, -3.9262290000915527, 5.128782749176025, 1.5707963705062866, 1.5707963705062866, 1.5707963705062866, 1.0, 1.0, 1.0, 2.837609203534329, 0.8
Box, 2, -19.99432373046875, -11.714007377624512, 6.682785987854004, 0.0, 0.0, -0.02534032240509987, 1.3199973106384277, 0.8799960017204285, 0.4872594177722931, 0.010999977588653564, 0.010999977588653564, 0.010999977588653564, -7.63482666015625, -3.9262290000915527, 5.128782749176025, 1.5707963705062866, 1.5707963705062866, 1.5707963705062866, 1.0, 1.0, 1.0, 2.837609203534329, 0.8
Box, 2, -19.99432373046875, -11.714007377624512, 7.170046329498291, 0.0, -0.0, 0.004827022086828947, 1.3199973106384277, 0.8799960017204285, 0.4872594177722931, 0.010999977588653564, 0.010999977588653564, 0.010999977588653564, -7.63482666015625, -3.9262290000915527, 5.128782749176025, 1.5707963705062866, 1.5707963705062866, 1.5707963705062866, 1.0, 1.0, 1.0, 2.837609203534329, 0.8
Box, 2, -19.99432373046875, -8.92734432220459, 6.15139627456665, 0.0, -0.0, 0.09089630097150803, 1.3297712802886963, 1.6765687465667725, 0.39866775274276733, 0.011081427335739136, 0.020957160741090775, 0.009000003337860107, -7.63482666015625, -3.9262290000915527, 5.128782749176025, 1.5707963705062866, 1.5707963705062866, 1.5707963705062866, 1.0, 1.0, 1.0, 2.837609203534329, 0.8
Box, 2, -19.99432373046875, -8.92734432220459, 6.550395965576172, 0.0, -0.0, 0.07423146814107895, 1.326509714126587, 1.6777167320251465, 0.39866775274276733, 0.011054247617721558, 0.02097151055932045, 0.009000003337860107, -7.63482666015625, -3.9262290000915527, 5.128782749176025, 1.5707963705062866, 1.5707963705062866, 1.5707963705062866, 1.0, 1.0, 1.0, 2.837609203534329, 0.8
Box, 2, -19.99432373046875, -8.92734432220459, 6.949396133422852, 0.0, -0.0, 0.06024767830967903, 1.324284315109253, 1.6784979104995728, 0.39866775274276733, 0.011035703122615814, 0.020981276407837868, 0.009000003337860107, -7.63482666015625, -3.9262290000915527, 5.128782749176025, 1.5707963705062866, 1.5707963705062866, 1.5707963705062866, 1.0, 1.0, 1.0, 2.837609203534329, 0.8
Box, 2, -19.99432373046875, -8.92734432220459, 7.348396301269531, 0.0, 0.0, -0.09825392067432404, 1.3314229249954224, 1.6759861707687378, 0.39866775274276733, 0.011095192283391953, 0.02094987779855728, 0.009000003337860107, -7.63482666015625, -3.9262290000915527, 5.128782749176025, 1.5707963705062866, 1.5707963705062866, 1.5707963705062866, 1.0, 1.0, 1.0, 2.837609203534329, 0.8
Box, 3, -19.99432373046875, -12.463339805603027, 9.149344444274902, 0.0, 0.0, -0.013266426511108875, 0.9385391473770142, 0.7247599959373474, 0.7627946138381958, 0.004550062585622072, 0.004999920260161161, 0.004999995231628418, -7.63482666015625, -3.9262290000915527, 5.128782749176025, 1.5707963705062866, 1.5707963705062866, 1.5707963705062866, 1.0, 1.0, 1.0, 2.837609203534329, 0.8
Box, 3, -19.99432373046875, -12.463339805603027, 9.912343978881836, 0.0, 0.0, -0.04298501834273338, 0.9387004971504211, 0.724656879901886, 0.7627946138381958, 0.004550844896584749, 0.004999208729714155, 0.004999995231628418, -7.63482666015625, -3.9262290000915527, 5.128782749176025, 1.5707963705062866, 1.5707963705062866, 1.5707963705062866, 1.0, 1.0, 1.0, 2.837609203534329, 0.8
Box, 3, -19.99432373046875, -12.463339805603027, 10.675344467163086, 0.0, -0.0, 0.060921210795640945, 0.9388800263404846, 0.7245419025421143, 0.7627946138381958, 0.004551715217530727, 0.00499841570854187, 0.004999995231628418, -7.63482666015625, -3.9262290000915527, 5.128782749176025, 1.5707963705062866, 1.5707963705062866, 1.5707963705062866, 1.0, 1.0, 1.0, 2.837609203534329, 0.8
Box, 3, -19.99432373046875, -9.47123908996582, 9.05882740020752, 0.0, 0.0, -0.004698872100561857, 0.9940088987350464, 1.369993805885315, 0.5820000171661377, 0.4970044493675232, 0.6849969029426575, 0.29100000858306885, -7.63482666015625, -3.9262290000915527, 5.128782749176025, 1.5707963705062866, 1.5707963705062866, 1.5707963705062866, 1.0, 1.0, 1.0, 2.837609203534329, 0.8
Box, 3, -19.99432373046875, -9.47123908996582, 9.640792846679688, 0.0, 0.0, -0.0766376480460167, 0.9963704347610474, 1.3682773113250732, 0.5820000171661377, 0.4981852173805237, 0.6841386556625366, 0.29100000858306885, -7.63482666015625, -3.9262290000915527, 5.128782749176025, 1.5707963705062866, 1.5707963705062866, 1.5707963705062866, 1.0, 1.0, 1.0, 2.837609203534329, 0.8
Box, 3, -19.99432373046875, -9.47123908996582, 10.222759246826172, 0.0, 0.0, -0.05105332285165787, 0.9950526356697083, 1.3692357540130615, 0.5820000171661377, 0.4975263178348541, 0.6846178770065308, 0.29100000858306885, -7.63482666015625, -3.9262290000915527, 5.128782749176025, 1.5707963705062866, 1.5707963705062866, 1.5707963705062866, 1.0, 1.0, 1.0, 2.837609203534329, 0.8
Shelf, 0, -19.99432373046875, -3.9262290000915527, 0.3199999928474426, 0.0, -0.0, 1.5707963705062866, 6.892641544342041, 1.5471497774124146, 0.035973258316516876, 0.0341796875, 0.02499997802078724, 0.02499992959201336, -7.63482666015625, -3.9262290000915527, 5.128782749176025, 1.5707963705062866, 1.5707963705062866, 1.5707963705062866, 1.0, 1.0, 1.0, 2.837609203534329, 0.8
Shelf, 1, -19.99432373046875, -3.9262290000915527, 3.1359479427337646, 0.0, -0.0, 1.5707963705062866, 6.892641544342041, 1.5471497774124146, 0.035973258316516876, 0.0341796875, 0.02499997802078724, 0.02499992959201336, -7.63482666015625, -3.9262290000915527, 5.128782749176025, 1.5707963705062866, 1.5707963705062866, 1.5707963705062866, 1.0, 1.0, 1.0, 2.837609203534329, 0.8
Shelf, 2, -19.99432373046875, -3.9262290000915527, 5.9518961906433105, 0.0, -0.0, 1.5707963705062866, 6.892641544342041, 1.5471497774124146, 0.035973258316516876, 0.0341796875, 0.02499997802078724, 0.02499992959201336, -7.63482666015625, -3.9262290000915527, 5.128782749176025, 1.5707963705062866, 1.5707963705062866, 1.5707963705062866, 1.0, 1.0, 1.0, 2.837609203534329, 0.8
Shelf, 3, -19.99432373046875, -3.9262290000915527, 8.767844200134277, 0.0, -0.0, 1.5707963705062866, 6.892641544342041, 1.5471497774124146, 0.035973258316516876, 0.0341796875, 0.02499997802078724, 0.02499992959201336, -7.63482666015625, -3.9262290000915527, 5.128782749176025, 1.5707963705062866, 1.5707963705062866, 1.5707963705062866, 1.0, 1.0, 1.0, 2.837609203534329, 0.8
Box, 0, -19.99432373046875, -6.296228885650635, 0.5195000171661377, 0.0, -0.0, 0.08782535046339035, 1.3291202783584595, 1.6767982244491577, 0.39866775274276733, 0.011076002381742, 0.02096002921462059, 0.009000003337860107, -7.63482666015625, -3.9262290000915527, 5.128782749176025, 1.5707963705062866, 1.5707963705062866, 1.5707963705062866, 1.0, 1.0, 1.0, 2.837609203534329, 0.8
Box, 0, -19.99432373046875, -6.296228885650635, 0.9185000061988831, 0.0, -0.0, 0.0693422183394432, 1.3256787061691284, 1.678008794784546, 0.39866775274276733, 0.011047322303056717, 0.020975161343812943, 0.009000003337860107, -7.63482666015625, -3.9262290000915527, 5.128782749176025, 1.5707963705062866, 1.5707963705062866, 1.5707963705062866, 1.0, 1.0, 1.0, 2.837609203534329, 0.8
Box, 0, -19.99432373046875, -4.71400785446167, 0.5636299848556519, 0.0, -0.0, 0.04957461729645729, 1.3199973106384277, 0.8799960017204285, 0.4872594177722931, 0.010999977588653564, 0.010999977588653564, 0.010999977588653564, -7.63482666015625, -3.9262290000915527, 5.128782749176025, 1.5707963705062866, 1.5707963705062866, 1.5707963705062866, 1.0, 1.0, 1.0, 2.837609203534329, 0.8
Box, 0, -19.99432373046875, -3.131786584854126, 0.5195000171661377, 0.0, -0.0, 0.005608701147139072, 1.3200345039367676, 1.6799850463867188, 0.39866775274276733, 0.011000287719070911, 0.020999865606427193, 0.009000003337860107, -7.63482666015625, -3.9262290000915527, 5.128782749176025, 1.5707963705062866, 1.5707963705062866, 1.5707963705062866, 1.0, 1.0, 1.0, 2.837609203534329, 0.8
Box, 0, -19.99432373046875, -3.131786584854126, 0.9185000061988831, 0.0, -0.0, 0.07741299271583557, 1.3270809650421143, 1.6775161027908325, 0.39866775274276733, 0.011059008538722992, 0.020969001576304436, 0.009000003337860107, -7.63482666015625, -3.9262290000915527, 5.128782749176025, 1.5707963705062866, 1.5707963705062866, 1.5707963705062866, 1.0, 1.0, 1.0, 2.837609203534329, 0.8
Box, 1, -19.99432373046875, -6.674007892608643, 3.379578113555908, 0.0, 0.0, -0.07219146937131882, 1.3199973106384277, 0.8799960017204285, 0.4872594177722931, 0.010999977588653564, 0.010999977588653564, 0.010999977588653564, -7.63482666015625, -3.9262290000915527, 5.128782749176025, 1.5707963705062866, 1.5707963705062866, 1.5707963705062866, 1.0, 1.0, 1.0, 2.837609203534329, 0.8
Box, 1, -19.99432373046875, -6.674007892608643, 3.866837978363037, 0.0, -0.0, 0.0025832655373960733, 1.3199973106384277, 0.8799960017204285, 0.4872594177722931, 0.010999977588653564, 0.010999977588653564, 0.010999977588653564, -7.63482666015625, -3.9262290000915527, 5.128782749176025, 1.5707963705062866, 1.5707963705062866, 1.5707963705062866, 1.0, 1.0, 1.0, 2.837609203534329, 0.8
Box, 1, -19.99432373046875, -6.674007892608643, 4.354097843170166, 0.0, 0.0, -0.0815117359161377, 1.3199973106384277, 0.8799960017204285, 0.4872594177722931, 0.010999977588653564, 0.010999977588653564, 0.010999977588653564, -7.63482666015625, -3.9262290000915527, 5.128782749176025, 1.5707963705062866, 1.5707963705062866, 1.5707963705062866, 1.0, 1.0, 1.0, 2.837609203534329, 0.8
Box, 1, -19.99432373046875, -6.674007892608643, 4.841358184814453, 0.0, -0.0, 0.0426938571035862, 1.3199973106384277, 0.8799960017204285, 0.4872594177722931, 0.010999977588653564, 0.010999977588653564, 0.010999977588653564, -7.63482666015625, -3.9262290000915527, 5.128782749176025, 1.5707963705062866, 1.5707963705062866, 1.5707963705062866, 1.0, 1.0, 1.0, 2.837609203534329, 0.8
Box, 1, -19.99432373046875, -6.674007892608643, 5.328618049621582, 0.0, -0.0, 0.04456019774079323, 1.3199973106384277, 0.8799960017204285, 0.4872594177722931, 0.010999977588653564, 0.010999977588653564, 0.010999977588653564, -7.63482666015625, -3.9262290000915527, 5.128782749176025, 1.5707963705062866, 1.5707963705062866, 1.5707963705062866, 1.0, 1.0, 1.0, 2.837609203534329, 0.8
Box, 1, -19.99432373046875, -3.5095653533935547, 3.379578113555908, 0.0, -0.0, 0.041982412338256836, 1.3199973106384277, 0.8799960017204285, 0.4872594177722931, 0.010999977588653564, 0.010999977588653564, 0.010999977588653564, -7.63482666015625, -3.9262290000915527, 5.128782749176025, 1.5707963705062866, 1.5707963705062866, 1.5707963705062866, 1.0, 1.0, 1.0, 2.837609203534329, 0.8
Box, 1, -19.99432373046875, -3.5095653533935547, 3.866837978363037, 0.0, 0.0, -0.04584979638457298, 1.3199973106384277, 0.8799960017204285, 0.4872594177722931, 0.010999977588653564, 0.010999977588653564, 0.010999977588653564, -7.63482666015625, -3.9262290000915527, 5.128782749176025, 1.5707963705062866, 1.5707963705062866, 1.5707963705062866, 1.0, 1.0, 1.0, 2.837609203534329, 0.8
Box, 1, -19.99432373046875, -3.5095653533935547, 4.354097843170166, 0.0, -0.0, 0.0301210954785347, 1.3199974298477173, 0.879996120929718, 0.4872594177722931, 0.010999977588653564, 0.010999977588653564, 0.010999977588653564, -7.63482666015625, -3.9262290000915527, 5.128782749176025, 1.5707963705062866, 1.5707963705062866, 1.5707963705062866, 1.0, 1.0, 1.0, 2.837609203534329, 0.8
Box, 1, -19.99432373046875, -3.5095653533935547, 4.841358184814453, 0.0, 0.0, -0.015194417908787727, 1.3199970722198486, 0.8799958825111389, 0.4872594177722931, 0.01099997665733099, 0.01099997665733099, 0.010999977588653564, -7.63482666015625, -3.9262290000915527, 5.128782749176025, 1.5707963705062866, 1.5707963705062866, 1.5707963705062866, 1.0, 1.0, 1.0, 2.837609203534329, 0.8
Box, 1, -19.99432373046875, -2.3181495666503906, 3.5406765937805176, 0.0, -0.0, 0.08554473519325256, 0.9196385741233826, 0.87507164478302, 0.8094567656517029, 0.004553396720439196, 0.004996883682906628, 0.004999995231628418, -7.63482666015625, -3.9262290000915527, 5.128782749176025, 1.5707963705062866, 1.5707963705062866, 1.5707963705062866, 1.0, 1.0, 1.0, 2.837609203534329, 0.8
Box, 2, -19.99432373046875, -4.797784805297852, 6.333395957946777, 0.0, -0.0, 0.06671517342329025, 0.9389511942863464, 0.7244963645935059, 0.7627946138381958, 0.004552060272544622, 0.004998101387172937, 0.004999995231628418, -7.63482666015625, -3.9262290000915527, 5.128782749176025, 1.5707963705062866, 1.5707963705062866, 1.5707963705062866, 1.0, 1.0, 1.0, 2.837609203534329, 0.8
Box, 2, -19.99432373046875, -4.797784805297852, 7.096395969390869, 0.0, -0.0, 0.048653971403837204, 0.9387505650520325, 0.7246248126029968, 0.7627946138381958, 0.0045510875061154366, 0.004998987540602684, 0.004999995231628418, -7.63482666015625, -3.9262290000915527, 5.128782749176025, 1.5707963705062866, 1.5707963705062866, 1.5707963705062866, 1.0, 1.0, 1.0, 2.837609203534329, 0.8
Box, 2, -19.99432373046875, -4.797784805297852, 7.859395980834961, 0.0, 0.0, -0.07948184758424759, 0.9391307234764099, 0.7243815064430237, 0.7627946138381958, 0.004552930593490601, 0.00499730883166194, 0.004999995231628418, -7.63482666015625, -3.9262290000915527, 5.128782749176025, 1.5707963705062866, 1.5707963705062866, 1.5707963705062866, 1.0, 1.0, 1.0, 2.837609203534329, 0.8
Box, 2, -19.99432373046875, -3.677119016647339, 6.195526123046875, 0.0, -0.0, 0.03406691923737526, 1.3199973106384277, 0.8799960017204285, 0.4872594177722931, 0.010999977588653564, 0.010999977588653564, 0.010999977588653564, -7.63482666015625, -3.9262290000915527, 5.128782749176025, 1.5707963705062866, 1.5707963705062866, 1.5707963705062866, 1.0, 1.0, 1.0, 2.837609203534329, 0.8
Box, 2, -19.99432373046875, -3.677119016647339, 6.682785987854004, 0.0, 0.0, -0.03532195836305618, 1.3199973106384277, 0.8799960017204285, 0.4872594177722931, 0.010999977588653564, 0.010999977588653564, 0.010999977588653564, -7.63482666015625, -3.9262290000915527, 5.128782749176025, 1.5707963705062866, 1.5707963705062866, 1.5707963705062866, 1.0, 1.0, 1.0, 2.837609203534329, 0.8
Box, 2, -19.99432373046875, -3.677119016647339, 7.170046329498291, 0.0, 0.0, -0.03518105298280716, 1.3199973106384277, 0.8799960017204285, 0.4872594177722931, 0.010999977588653564, 0.010999977588653564, 0.010999977588653564, -7.63482666015625, -3.9262290000915527, 5.128782749176025, 1.5707963705062866, 1.5707963705062866, 1.5707963705062866, 1.0, 1.0, 1.0, 2.837609203534329, 0.8
Box, 2, -19.99432373046875, -3.677119016647339, 7.65730619430542, 0.0, 0.0, -0.05092311277985573, 1.3199973106384277, 0.8799960017204285, 0.4872594177722931, 0.010999977588653564, 0.010999977588653564, 0.010999977588653564, -7.63482666015625, -3.9262290000915527, 5.128782749176025, 1.5707963705062866, 1.5707963705062866, 1.5707963705062866, 1.0, 1.0, 1.0, 2.837609203534329, 0.8
Box, 2, -19.99432373046875, -2.094897747039795, 6.15139627456665, 0.0, -0.0, 0.09119956940412521, 1.3298368453979492, 1.67654550075531, 0.39866775274276733, 0.011081974022090435, 0.020956872031092644, 0.009000003337860107, -7.63482666015625, -3.9262290000915527, 5.128782749176025, 1.5707963705062866, 1.5707963705062866, 1.5707963705062866, 1.0, 1.0, 1.0, 2.837609203534329, 0.8
Box, 2, -19.99432373046875, -2.094897747039795, 6.550395965576172, 0.0, -0.0, 0.10486281663179398, 1.3330179452896118, 1.6754225492477417, 0.39866775274276733, 0.01110848318785429, 0.02094283327460289, 0.009000003337860107, -7.63482666015625, -3.9262290000915527, 5.128782749176025, 1.5707963705062866, 1.5707963705062866, 1.5707963705062866, 1.0, 1.0, 1.0, 2.837609203534329, 0.8
Box, 3, -19.99432373046875, -6.296228885650635, 8.967344284057617, 0.0, -0.0, 0.006076195742934942, 1.3200409412384033, 1.6799830198287964, 0.39866775274276733, 0.011000340804457664, 0.020999839529395103, 0.009000003337860107, -7.63482666015625, -3.9262290000915527, 5.128782749176025, 1.5707963705062866, 1.5707963705062866, 1.5707963705062866, 1.0, 1.0, 1.0, 2.837609203534329, 0.8
Box, 3, -19.99432373046875, -4.33622932434082, 8.967344284057617, 0.0, 0.0, -0.0947631448507309, 1.3306232690811157, 1.6762681007385254, 0.39866775274276733, 0.01108852680772543, 0.020953405648469925, 0.009000003337860107, -7.63482666015625, -3.9262290000915527, 5.128782749176025, 1.5707963705062866, 1.5707963705062866, 1.5707963705062866, 1.0, 1.0, 1.0, 2.837609203534329, 0.8
Box, 3, -19.99432373046875, -4.33622932434082, 9.366344451904297, 0.0, 0.0, -0.01805219054222107, 1.320381760597229, 1.6798638105392456, 0.39866775274276733, 0.011003181338310242, 0.02099834941327572, 0.009000003337860107, -7.63482666015625, -3.9262290000915527, 5.128782749176025, 1.5707963705062866, 1.5707963705062866, 1.5707963705062866, 1.0, 1.0, 1.0, 2.837609203534329, 0.8
Box, 3, -19.99432373046875, -2.837784767150879, 9.149344444274902, 0.0, 0.0, -0.005355005152523518, 0.9385249018669128, 0.724769115447998, 0.7627946138381958, 0.004549993667751551, 0.004999983124434948, 0.004999995231628418, -7.63482666015625, -3.9262290000915527, 5.128782749176025, 1.5707963705062866, 1.5707963705062866, 1.5707963705062866, 1.0, 1.0, 1.0, 2.837609203534329, 0.8
Box, 3, -19.99432373046875, -2.837784767150879, 9.912343978881836, 0.0, 0.0, -0.07685064524412155, 0.9390912652015686, 0.7244067788124084, 0.7627946138381958, 0.004552739206701517, 0.00499748345464468, 0.004999995231628418, -7.63482666015625, -3.9262290000915527, 5.128782749176025, 1.5707963705062866, 1.5707963705062866, 1.5707963705062866, 1.0, 1.0, 1.0, 2.837609203534329, 0.8
Box, 3, -19.99432373046875, -1.730145812034607, 9.17257308959961, 0.0, 0.0, -0.025148747488856316, 0.9190082550048828, 0.8755694031715393, 0.8094567656517029, 0.004550275858491659, 0.004999725613743067, 0.004999995231628418, -7.63482666015625, -3.9262290000915527, 5.128782749176025, 1.5707963705062866, 1.5707963705062866, 1.5707963705062866, 1.0, 1.0, 1.0, 2.837609203534329, 0.8
Box, 3, -19.99432373046875, -1.730145812034607, 9.982029914855957, 0.0, -0.0, 0.0023114585783332586, 0.9189490079879761, 0.8756161332130432, 0.8094567656517029, 0.004549982491880655, 0.004999992903321981, 0.004999995231628418, -7.63482666015625, -3.9262290000915527, 5.128782749176025, 1.5707963705062866, 1.5707963705062866, 1.5707963705062866, 1.0, 1.0, 1.0, 2.837609203534329, 0.8
Box, 3, -19.99432373046875, -1.730145812034607, 10.791486740112305, 0.0, -0.0, 0.06158614903688431, 0.9193065762519836, 0.8753339052200317, 0.8094567656517029, 0.004551753401756287, 0.004998380783945322, 0.004999995231628418, -7.63482666015625, -3.9262290000915527, 5.128782749176025, 1.5707963705062866, 1.5707963705062866, 1.5707963705062866, 1.0, 1.0, 1.0, 2.837609203534329, 0.8
Shelf, 0, -19.99432373046875, 3.0737709999084473, 0.3199999928474426, 0.0, -0.0, 1.5707963705062866, 6.892641544342041, 1.5471497774124146, 0.035973258316516876, 0.0341796875, 0.02499997802078724, 0.02499992959201336, -7.63482666015625, -3.9262290000915527, 5.128782749176025, 1.5707963705062866, 1.5707963705062866, 1.5707963705062866, 1.0, 1.0, 1.0, 2.837609203534329, 0.8
Shelf, 1, -19.99432373046875, 3.0737709999084473, 3.1359479427337646, 0.0, -0.0, 1.5707963705062866, 6.892641544342041, 1.5471497774124146, 0.035973258316516876, 0.0341796875, 0.02499997802078724, 0.02499992959201336, -7.63482666015625, -3.9262290000915527, 5.128782749176025, 1.5707963705062866, 1.5707963705062866, 1.5707963705062866, 1.0, 1.0, 1.0, 2.837609203534329, 0.8
Shelf, 2, -19.99432373046875, 3.0737709999084473, 5.9518961906433105, 0.0, -0.0, 1.5707963705062866, 6.892641544342041, 1.5471497774124146, 0.035973258316516876, 0.0341796875, 0.02499997802078724, 0.02499992959201336, -7.63482666015625, -3.9262290000915527, 5.128782749176025, 1.5707963705062866, 1.5707963705062866, 1.5707963705062866, 1.0, 1.0, 1.0, 2.837609203534329, 0.8
Shelf, 3, -19.99432373046875, 3.0737709999084473, 8.767844200134277, 0.0, -0.0, 1.5707963705062866, 6.892641544342041, 1.5471497774124146, 0.035973258316516876, 0.0341796875, 0.02499997802078724, 0.02499992959201336, -7.63482666015625, -3.9262290000915527, 5.128782749176025, 1.5707963705062866, 1.5707963705062866, 1.5707963705062866, 1.0, 1.0, 1.0, 2.837609203534329, 0.8
Box, 0, -19.99432373046875, 0.7037708759307861, 0.5195000171661377, 0.0, 0.0, -0.029820960015058517, 1.3210467100143433, 1.6796313524246216, 0.39866775274276733, 0.01100872177630663, 0.02099544368684292, 0.009000003337860107, -7.63482666015625, -3.9262290000915527, 5.128782749176025, 1.5707963705062866, 1.5707963705062866, 1.5707963705062866, 1.0, 1.0, 1.0, 2.837609203534329, 0.8
Box, 0, -19.99432373046875, 0.7037708759307861, 0.9185000061988831, 0.0, 0.0, -0.06382162123918533, 1.3248087167739868, 1.678313970565796, 0.39866775274276733, 0.01104007288813591, 0.020978976041078568, 0.009000003337860107, -7.63482666015625, -3.9262290000915527, 5.128782749176025, 1.5707963705062866, 1.5707963705062866, 1.5707963705062866, 1.0, 1.0, 1.0, 2.837609203534329, 0.8
Box, 0, -19.99432373046875, 0.7037708759307861, 1.3174999952316284, 0.0, 0.0, -0.014851945452392101, 1.3202574253082275, 1.679907202720642, 0.39866775274276733, 0.01100214570760727, 0.020998891443014145, 0.009000003337860107, -7.63482666015625, -3.9262290000915527, 5.128782749176025, 1.5707963705062866, 1.5707963705062866, 1.5707963705062866, 1.0, 1.0, 1.0, 2.837609203534329, 0.8
Box, 0, -19.99432373046875, 0.7037708759307861, 1.7165000438690186, 0.0, -0.0, 0.096682108938694, 1.3310593366622925, 1.6761143207550049, 0.39866775274276733, 0.011092160828411579, 0.02095148153603077, 0.009000003337860107, -7.63482666015625, -3.9262290000915527, 5.128782749176025, 1.5707963705062866, 1.5707963705062866, 1.5707963705062866, 1.0, 1.0, 1.0, 2.837609203534329, 0.8
Box, 0, -19.99432373046875, 0.7037708759307861, 2.115499973297119, 0.0, 0.0, -0.05655103176832199, 1.323773741722107, 1.678676724433899, 0.39866775274276733, 0.011031447909772396, 0.020983511582016945, 0.009000003337860107, -7.63482666015625, -3.9262290000915527, 5.128782749176025, 1.5707963705062866, 1.5707963705062866, 1.5707963705062866, 1.0, 1.0, 1.0, 2.837609203534329, 0.8
Box, 0, -19.99432373046875, 2.2337708473205566, 0.5199999809265137, 0.0, 0.0, -0.05564069375395775, 0.8000000715255737, 0.8000000715255737, 0.3999999761581421, 0.4000000059604645, 0.4000000059604645, 0.19999998807907104, -7.63482666015625, -3.9262290000915527, 5.128782749176025, 1.5707963705062866, 1.5707963705062866, 1.5707963705062866, 1.0, 1.0, 1.0, 2.837609203534329, 0.8
Box, 0, -19.99432373046875, 2.2337708473205566, 0.9200000166893005, 0.0, -0.0, 0.02861953154206276, 0.7999998927116394, 0.7999998927116394, 0.3999999761581421, 0.3999999463558197, 0.3999999463558197, 0.19999998807907104, -7.63482666015625, -3.9262290000915527, 5.128782749176025, 1.5707963705062866, 1.5707963705062866, 1.5707963705062866, 1.0, 1.0, 1.0, 2.837609203534329, 0.8
Box, 0, -19.99432373046875, 2.2337708473205566, 1.3200000524520874, 0.0, 0.0, -0.016376972198486328, 0.7999999523162842, 0.7999999523162842, 0.3999999761581421, 0.3999999761581421, 0.3999999761581421, 0.19999998807907104, -7.63482666015625, -3.9262290000915527, 5.128782749176025, 1.5707963705062866, 1.5707963705062866, 1.5707963705062866, 1.0, 1.0, 1.0, 2.837609203534329, 0.8
Box, 0, -19.99432373046875, 2.2337708473205566, 1.7200000286102295, 0.0, 0.0, -0.057999853044748306, 0.7999999523162842, 0.7999999523162842, 0.3999999761581421, 0.3999999761581421, 0.3999999761581421, 0.19999998807907104, -7.63482666015625, -3.9262290000915527, 5.128782749176025, 1.5707963705062866, 1.5707963705062866, 1.5707963705062866, 1.0, 1.0, 1.0, 2.837609203534329, 0.8
Box, 0, -19.99432373046875, 2.2337708473205566, 2.119999885559082, 0.0, -0.0, 0.040590766817331314, 0.7999999523162842, 0.7999999523162842, 0.3999999761581421, 0.3999999761581421, 0.3999999761581421, 0.19999998807907104, -7.63482666015625, -3.9262290000915527, 5.128782749176025, 1.5707963705062866, 1.5707963705062866, 1.5707963705062866, 1.0, 1.0, 1.0, 2.837609203534329, 0.8
Box, 0, -19.99432373046875, 2.2337708473205566, 2.5199999809265137, 0.0, -0.0, 0.028552299365401268, 0.7999998927116394, 0.7999998927116394, 0.3999999761581421, 0.3999999463558197, 0.3999999463558197, 0.19999998807907104, -7.63482666015625, -3.9262290000915527, 5.128782749176025, 1.5707963705062866, 1.5707963705062866, 1.5707963705062866, 1.0, 1.0, 1.0, 2.837609203534329, 0.8
Box, 0, -19.99432373046875, 5.33296537399292, 0.724728524684906, 0.0, -0.0, 0.008050584234297276, 0.9189546704292297, 0.8756117820739746, 0.8094567656517029, 0.004550010431557894, 0.004999967757612467, 0.004999995231628418, -7.63482666015625, -3.9262290000915527, 5.128782749176025, 1.5707963705062866, 1.5707963705062866, 1.5707963705062866, 1.0, 1.0, 1.0, 2.837609203534329, 0.8
Box, 0, -19.99432373046875, 5.33296537399292, 1.534185528755188, 0.0, 0.0, -0.03137931972742081, 0.9190415143966675, 0.8755432367324829, 0.8094567656517029, 0.004550440702587366, 0.004999575670808554, 0.004999995231628418, -7.63482666015625, -3.9262290000915527, 5.128782749176025, 1.5707963705062866, 1.5707963705062866, 1.5707963705062866, 1.0, 1.0, 1.0, 2.837609203534329, 0.8
Box, 0, -19.99432373046875, 5.33296537399292, 2.343642473220825, 0.0, 0.0, -0.07876837998628616, 0.9195337891578674, 0.8751545548439026, 0.8094567656517029, 0.004552877973765135, 0.004997356794774532, 0.004999995231628418, -7.63482666015625, -3.9262290000915527, 5.128782749176025, 1.5707963705062866, 1.5707963705062866, 1.5707963705062866, 1.0, 1.0, 1.0, 2.837609203534329, 0.8
Box, 1, -19.99432373046875, 0.27377089858055115, 3.3359479904174805, 0.0, 0.0, -0.06478143483400345, 0.7999998331069946, 0.7999998331069946, 0.3999999761581421, 0.3999999463558197, 0.3999999463558197, 0.19999998807907104, -7.63482666015625, -3.9262290000915527, 5.128782749176025, 1.5707963705062866, 1.5707963705062866, 1.5707963705062866, 1.0, 1.0, 1.0, 2.837609203534329, 0.8
Box, 1, -19.99432373046875, 0.27377089858055115, 3.735948085784912, 0.0, -0.0, 0.08661341667175293, 0.7999999523162842, 0.7999999523162842, 0.3999999761581421, 0.3999999761581421, 0.3999999761581421, 0.19999998807907104, -7.63482666015625, -3.9262290000915527, 5.128782749176025, 1.5707963705062866, 1.5707963705062866, 1.5707963705062866, 1.0, 1.0, 1.0, 2.837609203534329, 0.8
Box, 1, -19.99432373046875, 0.27377089858055115, 4.135948181152344, 0.0, -0.0, 0.010610341094434261, 0.8000000715255737, 0.8000000715255737, 0.3999999761581421, 0.4000000059604645, 0.4000000059604645, 0.19999998807907104, -7.63482666015625, -3.9262290000915527, 5.128782749176025, 1.5707963705062866, 1.5707963705062866, 1.5707963705062866, 1.0, 1.0, 1.0, 2.837609203534329, 0.8
Box, 1, -19.99432373046875, 0.27377089858055115, 4.535948276519775, 0.0, -0.0, 0.041721589863300323, 0.7999999523162842, 0.7999999523162842, 0.3999999761581421, 0.3999999761581421, 0.3999999761581421, 0.19999998807907104, -7.63482666015625, -3.9262290000915527, 5.128782749176025, 1.5707963705062866, 1.5707963705062866, 1.5707963705062866, 1.0, 1.0, 1.0, 2.837609203534329, 0.8
Box, 1, -19.99432373046875, 2.5793263912200928, 3.3359479904174805, 0.0, 0.0, -0.0466010645031929, 0.7999999523162842, 0.7999999523162842, 0.3999999761581421, 0.3999999761581421, 0.3999999761581421, 0.19999998807907104, -7.63482666015625, -3.9262290000915527, 5.128782749176025, 1.5707963705062866, 1.5707963705062866, 1.5707963705062866, 1.0, 1.0, 1.0, 2.837609203534329, 0.8
Box, 1, -19.99432373046875, 2.5793263912200928, 3.735948085784912, 0.0, 0.0, -0.023445846512913704, 0.7999998927116394, 0.7999998927116394, 0.3999999761581421, 0.3999999463558197, 0.3999999463558197, 0.19999998807907104, -7.63482666015625, -3.9262290000915527, 5.128782749176025, 1.5707963705062866, 1.5707963705062866, 1.5707963705062866, 1.0, 1.0, 1.0, 2.837609203534329, 0.8
Box, 1, -19.99432373046875, 2.5793263912200928, 4.135948181152344, 0.0, -0.0, 0.055525537580251694, 0.7999998927116394, 0.7999998927116394, 0.3999999761581421, 0.3999999463558197, 0.3999999463558197, 0.19999998807907104, -7.63482666015625, -3.9262290000915527, 5.128782749176025, 1.5707963705062866, 1.5707963705062866, 1.5707963705062866, 1.0, 1.0, 1.0, 2.837609203534329, 0.8
Box, 1, -19.99432373046875, 2.5793263912200928, 4.535948276519775, 0.0, 0.0, -0.08018922805786133, 0.7999999523162842, 0.7999999523162842, 0.3999999761581421, 0.3999999761581421, 0.3999999761581421, 0.19999998807907104, -7.63482666015625, -3.9262290000915527, 5.128782749176025, 1.5707963705062866, 1.5707963705062866, 1.5707963705062866, 1.0, 1.0, 1.0, 2.837609203534329, 0.8
Box, 1, -19.99432373046875, 2.5793263912200928, 4.935947895050049, 0.0, -0.0, 0.04179668799042702, 0.7999999523162842, 0.7999999523162842, 0.3999999761581421, 0.3999999761581421, 0.3999999761581421, 0.19999998807907104, -7.63482666015625, -3.9262290000915527, 5.128782749176025, 1.5707963705062866, 1.5707963705062866, 1.5707963705062866, 1.0, 1.0, 1.0, 2.837609203534329, 0.8
Box, 1, -19.99432373046875, 2.5793263912200928, 5.3359479904174805, 0.0, -0.0, 0.08046388626098633, 0.7999999523162842, 0.7999999523162842, 0.3999999761581421, 0.3999999761581421, 0.3999999761581421, 0.19999998807907104, -7.63482666015625, -3.9262290000915527, 5.128782749176025, 1.5707963705062866, 1.5707963705062866, 1.5707963705062866, 1.0, 1.0, 1.0, 2.837609203534329, 0.8
Box, 1, -19.99432373046875, 3.7185208797454834, 3.5406765937805176, 0.0, -0.0, 0.06797482073307037, 0.9193846583366394, 0.8752723336219788, 0.8094567656517029, 0.004552139434963465, 0.004998029209673405, 0.004999995231628418, -7.63482666015625, -3.9262290000915527, 5.128782749176025, 1.5707963705062866, 1.5707963705062866, 1.5707963705062866, 1.0, 1.0, 1.0, 2.837609203534329, 0.8
Box, 1, -19.99432373046875, 3.7185208797454834, 4.350133419036865, 0.0, 0.0, -0.003509814152494073, 0.9189497232437134, 0.8756157159805298, 0.8094567656517029, 0.004549986217170954, 0.004999990109354258, 0.004999995231628418, -7.63482666015625, -3.9262290000915527, 5.128782749176025, 1.5707963705062866, 1.5707963705062866, 1.5707963705062866, 1.0, 1.0, 1.0, 2.837609203534329, 0.8
Box, 1, -19.99432373046875, 3.7185208797454834, 5.159590721130371, 0.0, -0.0, 0.049599822610616684, 0.9191809296607971, 0.8754332065582275, 0.8094567656517029, 0.004551130812615156, 0.004998947959393263, 0.004999995231628418, -7.63482666015625, -3.9262290000915527, 5.128782749176025, 1.5707963705062866, 1.5707963705062866, 1.5707963705062866, 1.0, 1.0, 1.0, 2.837609203534329, 0.8
Box, 1, -19.99432373046875, 4.909936428070068, 3.379578113555908, 0.0, -0.0, 0.04768110439181328, 1.3199973106384277, 0.8799960017204285, 0.4872594177722931, 0.010999977588653564, 0.010999977588653564, 0.010999977588653564, -7.63482666015625, -3.9262290000915527, 5.128782749176025, 1.5707963705062866, 1.5707963705062866, 1.5707963705062866, 1.0, 1.0, 1.0, 2.837609203534329, 0.8
Box, 1, -19.99432373046875, 4.909936428070068, 3.866837978363037, 0.0, 0.0, -0.08165956288576126, 1.3199973106384277, 0.8799960017204285, 0.4872594177722931, 0.010999977588653564, 0.010999977588653564, 0.010999977588653564, -7.63482666015625, -3.9262290000915527, 5.128782749176025, 1.5707963705062866, 1.5707963705062866, 1.5707963705062866, 1.0, 1.0, 1.0, 2.837609203534329, 0.8
Box, 1, -19.99432373046875, 4.909936428070068, 4.354097843170166, 0.0, -0.0, 0.06346393376588821, 1.3199970722198486, 0.8799958825111389, 0.4872594177722931, 0.01099997665733099, 0.01099997665733099, 0.010999977588653564, -7.63482666015625, -3.9262290000915527, 5.128782749176025, 1.5707963705062866, 1.5707963705062866, 1.5707963705062866, 1.0, 1.0, 1.0, 2.837609203534329, 0.8
Box, 1, -19.99432373046875, 4.909936428070068, 4.841358184814453, 0.0, -0.0, 0.018600940704345703, 1.3199973106384277, 0.8799960017204285, 0.4872594177722931, 0.010999977588653564, 0.010999977588653564, 0.010999977588653564, -7.63482666015625, -3.9262290000915527, 5.128782749176025, 1.5707963705062866, 1.5707963705062866, 1.5707963705062866, 1.0, 1.0, 1.0, 2.837609203534329, 0.8
Box, 1, -19.99432373046875, 4.909936428070068, 5.328618049621582, 0.0, 0.0, -0.03777838125824928, 1.3199970722198486, 0.8799958825111389, 0.4872594177722931, 0.01099997665733099, 0.01099997665733099, 0.010999977588653564, -7.63482666015625, -3.9262290000915527, 5.128782749176025, 1.5707963705062866, 1.5707963705062866, 1.5707963705062866, 1.0, 1.0, 1.0, 2.837609203534329, 0.8
Box, 2, -19.99432373046875, 0.27377089858055115, 6.151895999908447, 0.0, 0.0, -0.0003004074387717992, 0.7999998927116394, 0.7999998927116394, 0.3999999761581421, 0.3999999463558197, 0.3999999463558197, 0.19999998807907104, -7.63482666015625, -3.9262290000915527, 5.128782749176025, 1.5707963705062866, 1.5707963705062866, 1.5707963705062866, 1.0, 1.0, 1.0, 2.837609203534329, 0.8
Box, 2, -19.99432373046875, 0.27377089858055115, 6.551896095275879, 0.0, 0.0, -0.03328276053071022, 0.7999998331069946, 0.7999998331069946, 0.3999999761581421, 0.3999999463558197, 0.3999999463558197, 0.19999998807907104, -7.63482666015625, -3.9262290000915527, 5.128782749176025, 1.5707963705062866, 1.5707963705062866, 1.5707963705062866, 1.0, 1.0, 1.0, 2.837609203534329, 0.8
Box, 2, -19.99432373046875, 0.27377089858055115, 6.9518961906433105, 0.0, -0.0, 0.0729687362909317, 0.7999998927116394, 0.7999998927116394, 0.3999999761581421, 0.3999999463558197, 0.3999999463558197, 0.19999998807907104, -7.63482666015625, -3.9262290000915527, 5.128782749176025, 1.5707963705062866, 1.5707963705062866, 1.5707963705062866, 1.0, 1.0, 1.0, 2.837609203534329, 0.8
Box, 2, -19.99432373046875, 0.27377089858055115, 7.351896286010742, 0.0, 0.0, -0.04233812540769577, 0.8000000715255737, 0.8000000715255737, 0.3999999761581421, 0.4000000059604645, 0.4000000059604645, 0.19999998807907104, -7.63482666015625, -3.9262290000915527, 5.128782749176025, 1.5707963705062866, 1.5707963705062866, 1.5707963705062866, 1.0, 1.0, 1.0, 2.837609203534329, 0.8
Box, 2, -19.99432373046875, 0.27377089858055115, 7.751895904541016, 0.0, 0.0, -0.07684160023927689, 0.7999999523162842, 0.7999999523162842, 0.3999999761581421, 0.3999999761581421, 0.3999999761581421, 0.19999998807907104, -7.63482666015625, -3.9262290000915527, 5.128782749176025, 1.5707963705062866, 1.5707963705062866, 1.5707963705062866, 1.0, 1.0, 1.0, 2.837609203534329, 0.8
Box, 2, -19.99432373046875, 0.27377089858055115, 8.151896476745605, 0.0, 0.0, -0.051705360412597656, 0.7999999523162842, 0.7999999523162842, 0.3999999761581421, 0.3999999761581421, 0.3999999761581421, 0.19999998807907104, -7.63482666015625, -3.9262290000915527, 5.128782749176025, 1.5707963705062866, 1.5707963705062866, 1.5707963705062866, 1.0, 1.0, 1.0, 2.837609203534329, 0.8
Box, 2, -19.99432373046875, 1.3422152996063232, 6.333395957946777, 0.0, -0.0, 0.08203043043613434, 0.9391703009605408, 0.7243561744689941, 0.7627946138381958, 0.004553122445940971, 0.004997134208679199, 0.004999995231628418, -7.63482666015625, -3.9262290000915527, 5.128782749176025, 1.5707963705062866, 1.5707963705062866, 1.5707963705062866, 1.0, 1.0, 1.0, 2.837609203534329, 0.8
Box, 2, -19.99432373046875, 1.3422152996063232, 7.096395969390869, 0.0, -0.0, 0.08676904439926147, 0.9392471313476562, 0.7243069410324097, 0.7627946138381958, 0.0045534949749708176, 0.004996794741600752, 0.004999995231628418, -7.63482666015625, -3.9262290000915527, 5.128782749176025, 1.5707963705062866, 1.5707963705062866, 1.5707963705062866, 1.0, 1.0, 1.0, 2.837609203534329, 0.8
Box, 2, -19.99432373046875, 1.3422152996063232, 7.859395980834961, 0.0, 0.0, -0.06619725376367569, 0.9389445781707764, 0.7245005965232849, 0.7627946138381958, 0.004552028141915798, 0.004998130723834038, 0.004999995231628418, -7.63482666015625, -3.9262290000915527, 5.128782749176025, 1.5707963705062866, 1.5707963705062866, 1.5707963705062866, 1.0, 1.0, 1.0, 2.837609203534329, 0.8
Box, 2, -19.99432373046875, 2.4498541355133057, 6.356624603271484, 0.0, -0.0, 0.03642108663916588, 0.9190738797187805, 0.8755176663398743, 0.8094567656517029, 0.0045506008900702, 0.004999430384486914, 0.004999995231628418, -7.63482666015625, -3.9262290000915527, 5.128782749176025, 1.5707963705062866, 1.5707963705062866, 1.5707963705062866, 1.0, 1.0, 1.0, 2.837609203534329, 0.8
Box, 2, -19.99432373046875, 2.4498541355133057, 7.166081428527832, 0.0, 0.0, -0.061264339834451675, 0.9193028807640076, 0.8753368854522705, 0.8094567656517029, 0.004551734775304794, 0.004998398013412952, 0.004999995231628418, -7.63482666015625, -3.9262290000915527, 5.128782749176025, 1.5707963705062866, 1.5707963705062866, 1.5707963705062866, 1.0, 1.0, 1.0, 2.837609203534329, 0.8
Box, 2, -19.99432373046875, 4.019048690795898, 6.15139627456665, 0.0, -0.0, 0.10215435922145844, 1.332351803779602, 1.675658106803894, 0.39866775274276733, 0.011102930642664433, 0.020945776253938675, 0.009000003337860107, -7.63482666015625, -3.9262290000915527, 5.128782749176025, 1.5707963705062866, 1.5707963705062866, 1.5707963705062866, 1.0, 1.0, 1.0, 2.837609203534329, 0.8
Box, 2, -19.99432373046875, 4.019048690795898, 6.550395965576172, 0.0, 0.0, -0.04880977421998978, 1.3228096961975098, 1.6790145635604858, 0.39866775274276733, 0.011023415252566338, 0.02098773419857025, 0.009000003337860107, -7.63482666015625, -3.9262290000915527, 5.128782749176025, 1.5707963705062866, 1.5707963705062866, 1.5707963705062866, 1.0, 1.0, 1.0, 2.837609203534329, 0.8
Box, 2, -19.99432373046875, 4.019048690795898, 6.949396133422852, 0.0, 0.0, -0.06715460121631622, 1.3253252506256104, 1.6781327724456787, 0.39866775274276733, 0.011044377461075783, 0.020976711064577103, 0.009000003337860107, -7.63482666015625, -3.9262290000915527, 5.128782749176025, 1.5707963705062866, 1.5707963705062866, 1.5707963705062866, 1.0, 1.0, 1.0, 2.837609203534329, 0.8
Box, 2, -19.99432373046875, 4.019048690795898, 7.348396301269531, 0.0, 0.0, -0.02872900851070881, 1.320971131324768, 1.6796576976776123, 0.39866775274276733, 0.011008093133568764, 0.020995773375034332, 0.009000003337860107, -7.63482666015625, -3.9262290000915527, 5.128782749176025, 1.5707963705062866, 1.5707963705062866, 1.5707963705062866, 1.0, 1.0, 1.0, 2.837609203534329, 0.8
Box, 3, -19.99432373046875, 0.3129653334617615, 9.17257308959961, 0.0, -0.0, 0.03973504528403282, 0.9190976619720459, 0.8754988312721252, 0.8094567656517029, 0.004550718702375889, 0.004999322816729546, 0.004999995231628418, -7.63482666015625, -3.9262290000915527, 5.128782749176025, 1.5707963705062866, 1.5707963705062866, 1.5707963705062866, 1.0, 1.0, 1.0, 2.837609203534329, 0.8
Box, 3, -19.99432373046875, 0.3129653334617615, 9.982029914855957, 0.0, -0.0, 0.0010819697054103017, 0.9189486503601074, 0.8756165504455566, 0.8094567656517029, 0.004549980629235506, 0.004999994765967131, 0.004999995231628418, -7.63482666015625, -3.9262290000915527, 5.128782749176025, 1.5707963705062866, 1.5707963705062866, 1.5707963705062866, 1.0, 1.0, 1.0, 2.837609203534329, 0.8
Box, 3, -19.99432373046875, 0.3129653334617615, 10.791486740112305, 0.0, -0.0, 0.02010636404156685, 0.9189867973327637, 0.8755864500999451, 0.8094567656517029, 0.004550169687718153, 0.004999822936952114, 0.004999995231628418, -7.63482666015625, -3.9262290000915527, 5.128782749176025, 1.5707963705062866, 1.5707963705062866, 1.5707963705062866, 1.0, 1.0, 1.0, 2.837609203534329, 0.8
Box, 3, -19.99432373046875, 1.4521597623825073, 8.967844009399414, 0.0, -0.0, 0.05712199956178665, 0.7999999523162842, 0.7999999523162842, 0.3999999761581421, 0.3999999761581421, 0.3999999761581421, 0.19999998807907104, -7.63482666015625, -3.9262290000915527, 5.128782749176025, 1.5707963705062866, 1.5707963705062866, 1.5707963705062866, 1.0, 1.0, 1.0, 2.837609203534329, 0.8
Box, 3, -19.99432373046875, 1.4521597623825073, 9.367844581604004, 0.0, -0.0, 0.04076242446899414, 0.7999999523162842, 0.7999999523162842, 0.3999999761581421, 0.3999999761581421, 0.3999999761581421, 0.19999998807907104, -7.63482666015625, -3.9262290000915527, 5.128782749176025, 1.5707963705062866, 1.5707963705062866, 1.5707963705062866, 1.0, 1.0, 1.0, 2.837609203534329, 0.8
Box, 3, -19.99432373046875, 1.4521597623825073, 9.767844200134277, 0.0, -0.0, 0.006310941185802221, 0.800000011920929, 0.800000011920929, 0.3999999761581421, 0.4000000059604645, 0.4000000059604645, 0.19999998807907104, -7.63482666015625, -3.9262290000915527, 5.128782749176025, 1.5707963705062866, 1.5707963705062866, 1.5707963705062866, 1.0, 1.0, 1.0, 2.837609203534329, 0.8
Box, 3, -19.99432373046875, 1.4521597623825073, 10.16784381866455, 0.0, -0.0, 0.03505992889404297, 0.7999999523162842, 0.7999999523162842, 0.3999999761581421, 0.3999999761581421, 0.3999999761581421, 0.19999998807907104, -7.63482666015625, -3.9262290000915527, 5.128782749176025, 1.5707963705062866, 1.5707963705062866, 1.5707963705062866, 1.0, 1.0, 1.0, 2.837609203534329, 0.8
Box, 3, -19.99432373046875, 1.4521597623825073, 10.56784439086914, 0.0, -0.0, 0.0821683406829834, 0.7999999523162842, 0.7999999523162842, 0.3999999761581421, 0.3999999761581421, 0.3999999761581421, 0.19999998807907104, -7.63482666015625, -3.9262290000915527, 5.128782749176025, 1.5707963705062866, 1.5707963705062866, 1.5707963705062866, 1.0, 1.0, 1.0, 2.837609203534329, 0.8
Box, 3, -19.99432373046875, 1.4521597623825073, 10.967844009399414, 0.0, 0.0, -0.08033013343811035, 0.7999998927116394, 0.7999998927116394, 0.3999999761581421, 0.3999999463558197, 0.3999999463558197, 0.19999998807907104, -7.63482666015625, -3.9262290000915527, 5.128782749176025, 1.5707963705062866, 1.5707963705062866, 1.5707963705062866, 1.0, 1.0, 1.0, 2.837609203534329, 0.8
Box, 3, -19.99432373046875, 3.808823585510254, 9.011474609375, 0.0, -0.0, 0.003240108722820878, 1.3199973106384277, 0.8799960017204285, 0.4872594177722931, 0.010999977588653564, 0.010999977588653564, 0.010999977588653564, -7.63482666015625, -3.9262290000915527, 5.128782749176025, 1.5707963705062866, 1.5707963705062866, 1.5707963705062866, 1.0, 1.0, 1.0, 2.837609203534329, 0.8
Box, 3, -19.99432373046875, 3.808823585510254, 9.498734474182129, 0.0, 0.0, -0.07035493850708008, 1.3199973106384277, 0.8799960017204285, 0.4872594177722931, 0.010999977588653564, 0.010999977588653564, 0.010999977588653564, -7.63482666015625, -3.9262290000915527, 5.128782749176025, 1.5707963705062866, 1.5707963705062866, 1.5707963705062866, 1.0, 1.0, 1.0, 2.837609203534329, 0.8
Box, 3, -19.99432373046875, 3.808823585510254, 9.985994338989258, 0.0, -0.0, 0.06325364857912064, 1.3199971914291382, 0.8799959421157837, 0.4872594177722931, 0.01099997665733099, 0.01099997665733099, 0.010999977588653564, -7.63482666015625, -3.9262290000915527, 5.128782749176025, 1.5707963705062866, 1.5707963705062866, 1.5707963705062866, 1.0, 1.0, 1.0, 2.837609203534329, 0.8
Box, 3, -19.99432373046875, 3.808823585510254, 10.473254203796387, 0.0, -0.0, 0.05255318060517311, 1.3199970722198486, 0.8799958825111389, 0.4872594177722931, 0.01099997665733099, 0.01099997665733099, 0.010999977588653564, -7.63482666015625, -3.9262290000915527, 5.128782749176025, 1.5707963705062866, 1.5707963705062866, 1.5707963705062866, 1.0, 1.0, 1.0, 2.837609203534329, 0.8
Box, 3, -19.99432373046875, 3.808823585510254, 10.960514068603516, 0.0, 0.0, -0.00779151963070035, 1.3199973106384277, 0.8799960017204285, 0.4872594177722931, 0.010999977588653564, 0.010999977588653564, 0.010999977588653564, -7.63482666015625, -3.9262290000915527, 5.128782749176025, 1.5707963705062866, 1.5707963705062866, 1.5707963705062866, 1.0, 1.0, 1.0, 2.837609203534329, 0.8
Box, 3, -19.99432373046875, 5.013266086578369, 9.011474609375, 0.0, -0.0, 0.0848393440246582, 1.3199973106384277, 0.8799960017204285, 0.4872594177722931, 0.010999977588653564, 0.010999977588653564, 0.010999977588653564, -7.63482666015625, -3.9262290000915527, 5.128782749176025, 1.5707963705062866, 1.5707963705062866, 1.5707963705062866, 1.0, 1.0, 1.0, 2.837609203534329, 0.8
Box, 3, -19.99432373046875, 5.013266086578369, 9.498734474182129, 0.0, -0.0, 0.05474401265382767, 1.3199973106384277, 0.8799960017204285, 0.4872594177722931, 0.010999977588653564, 0.010999977588653564, 0.010999977588653564, -7.63482666015625, -3.9262290000915527, 5.128782749176025, 1.5707963705062866, 1.5707963705062866, 1.5707963705062866, 1.0, 1.0, 1.0, 2.837609203534329, 0.8
Box, 3, -19.99432373046875, 5.013266086578369, 9.985994338989258, 0.0, -0.0, 0.076065793633461, 1.3199973106384277, 0.8799960017204285, 0.4872594177722931, 0.010999977588653564, 0.010999977588653564, 0.010999977588653564, -7.63482666015625, -3.9262290000915527, 5.128782749176025, 1.5707963705062866, 1.5707963705062866, 1.5707963705062866, 1.0, 1.0, 1.0, 2.837609203534329, 0.8
Box, 3, -19.99432373046875, 5.013266086578369, 10.473254203796387, 0.0, -0.0, 0.03796768561005592, 1.3199973106384277, 0.8799960017204285, 0.4872594177722931, 0.010999977588653564, 0.010999977588653564, 0.010999977588653564, -7.63482666015625, -3.9262290000915527, 5.128782749176025, 1.5707963705062866, 1.5707963705062866, 1.5707963705062866, 1.0, 1.0, 1.0, 2.837609203534329, 0.8
Box, 3, -19.99432373046875, 5.013266086578369, 10.960514068603516, 0.0, 0.0, -0.04069305211305618, 1.3199973106384277, 0.8799960017204285, 0.4872594177722931, 0.010999977588653564, 0.010999977588653564, 0.010999977588653564, -7.63482666015625, -3.9262290000915527, 5.128782749176025, 1.5707963705062866, 1.5707963705062866, 1.5707963705062866, 1.0, 1.0, 1.0, 2.837609203534329, 0.8
Shelf, 0, -19.99432373046875, 10.073770523071289, 0.3199999928474426, 0.0, -0.0, 1.5707963705062866, 6.892641544342041, 1.5471497774124146, 0.035973258316516876, 0.0341796875, 0.02499997802078724, 0.02499992959201336, -7.63482666015625, -3.9262290000915527, 5.128782749176025, 1.5707963705062866, 1.5707963705062866, 1.5707963705062866, 1.0, 1.0, 1.0, 2.837609203534329, 0.8
Shelf, 1, -19.99432373046875, 10.073770523071289, 3.1359479427337646, 0.0, -0.0, 1.5707963705062866, 6.892641544342041, 1.5471497774124146, 0.035973258316516876, 0.0341796875, 0.02499997802078724, 0.02499992959201336, -7.63482666015625, -3.9262290000915527, 5.128782749176025, 1.5707963705062866, 1.5707963705062866, 1.5707963705062866, 1.0, 1.0, 1.0, 2.837609203534329, 0.8
Shelf, 2, -19.99432373046875, 10.073770523071289, 5.9518961906433105, 0.0, -0.0, 1.5707963705062866, 6.892641544342041, 1.5471497774124146, 0.035973258316516876, 0.0341796875, 0.02499997802078724, 0.02499992959201336, -7.63482666015625, -3.9262290000915527, 5.128782749176025, 1.5707963705062866, 1.5707963705062866, 1.5707963705062866, 1.0, 1.0, 1.0, 2.837609203534329, 0.8
Shelf, 3, -19.99432373046875, 10.073770523071289, 8.767844200134277, 0.0, -0.0, 1.5707963705062866, 6.892641544342041, 1.5471497774124146, 0.035973258316516876, 0.0341796875, 0.02499997802078724, 0.02499992959201336, -7.63482666015625, -3.9262290000915527, 5.128782749176025, 1.5707963705062866, 1.5707963705062866, 1.5707963705062866, 1.0, 1.0, 1.0, 2.837609203534329, 0.8
